CLAS physics database search results
Measurement E63M1

Curtis A. Meyer
0

W	cos(theta)	dsigma/dcos(theta)	Data errors
GeV	dimensionless	mcb	mcb
1.985	0.37	0.0637	0.0114
1.985	0.42	0.0781	0.0122
1.985	0.47	0.0813	0.0138
1.985	0.53	0.0943	0.0142
1.985	0.57	0.0765	0.0128
1.985	0.62	0.0822	0.0135
1.985	0.67	0.1164	0.0181
1.985	0.72	0.0999	0.0202
1.985	0.78	0.0663	0.0235
1.985	0.82	0.0834	0.0524
1.985	-0.4	0.0904	0.0269
1.985	-0.3	0.0887	0.0168
1.985	-0.2	0.0545	0.0104
1.985	-0.1	0.0692	0.0101
1.985	0	0.058	0.0084
1.985	0.1	0.0888	0.011
1.985	0.2	0.0635	0.0083
1.985	0.3	0.0805	0.0092
1.995	0.37	0.0809	0.0115
1.995	0.42	0.0946	0.012
1.995	0.47	0.1062	0.0132
1.995	0.53	0.1099	0.0135
1.995	0.57	0.1193	0.0141
1.995	0.62	0.1149	0.0137
1.995	0.67	0.1064	0.0129
1.995	0.72	0.1137	0.0143
1.995	0.78	0.1226	0.0161
1.995	0.82	0.1183	0.0198
1.995	0.87	0.1531	0.0546
1.995	-0.5	0.0471	0.0175
1.995	-0.4	0.0546	0.011
1.995	-0.3	0.0618	0.0097
1.995	-0.2	0.0531	0.0078
1.995	-0.1	0.0617	0.0095
1.995	0	0.082	0.009
1.995	0.1	0.0704	0.008
1.995	0.2	0.0903	0.0093
1.995	0.3	0.0947	0.0089
2.005	0.37	0.0733	0.0096
2.005	0.42	0.0909	0.0105
2.005	0.47	0.0951	0.0106
2.005	0.53	0.0942	0.0109
2.005	0.57	0.0996	0.0112
2.005	0.62	0.1065	0.0118
2.005	0.67	0.1323	0.0137
2.005	0.72	0.1351	0.0142
2.005	0.78	0.1507	0.0159
2.005	0.82	0.1723	0.0181
2.005	0.88	0.1974	0.0258
2.005	-0.6	0.0387	0.014
2.005	-0.5	0.0389	0.0072
2.005	-0.4	0.0499	0.0076
2.005	-0.3	0.0472	0.0065
2.005	-0.2	0.0536	0.0069
2.005	-0.1	0.0514	0.0064
2.005	0	0.0695	0.0073
2.005	0.1	0.0576	0.0062
2.005	0.2	0.0717	0.007
2.005	0.3	0.075	0.0067
2.015	0.37	0.0808	0.0095
2.015	0.42	0.1015	0.0119
2.015	0.47	0.1068	0.0118
2.015	0.53	0.1028	0.0116
2.015	0.57	0.0987	0.0113
2.015	0.62	0.1178	0.0127
2.015	0.67	0.1376	0.0138
2.015	0.72	0.1563	0.016
2.015	0.78	0.15	0.0153
2.015	0.82	0.1842	0.0177
2.015	0.88	0.1981	0.0193
2.015	0.92	0.191	0.0663
2.015	-0.67	0.0661	0.0485
2.015	-0.6	0.0499	0.0101
2.015	-0.5	0.0525	0.0087
2.015	-0.4	0.0521	0.0082
2.015	-0.3	0.0556	0.0074
2.015	-0.2	0.0539	0.0072
2.015	-0.1	0.0562	0.0068
2.015	0	0.0628	0.0069
2.015	0.1	0.066	0.0068
2.015	0.2	0.0814	0.0072
2.015	0.3	0.0806	0.0072
2.025	0.37	0.0875	0.0105
2.025	0.42	0.08	0.0097
2.025	0.47	0.1009	0.0108
2.025	0.53	0.1004	0.0104
2.025	0.57	0.1073	0.011
2.025	0.62	0.1334	0.0129
2.025	0.67	0.1391	0.0131
2.025	0.72	0.1367	0.013
2.025	0.78	0.1813	0.0167
2.025	0.82	0.1642	0.0165
2.025	0.88	0.1977	0.0196
2.025	-0.68	0.072	0.0356
2.025	-0.6	0.0478	0.0085
2.025	-0.5	0.0469	0.0077
2.025	-0.4	0.0543	0.008
2.025	-0.3	0.0467	0.0066
2.025	-0.2	0.0563	0.0074
2.025	-0.1	0.0595	0.0073
2.025	0	0.06	0.0068
2.025	0.1	0.0595	0.0064
2.025	0.2	0.0656	0.0067
2.025	0.3	0.0762	0.0069
2.035	0.37	0.1064	0.0114
2.035	0.42	0.0991	0.0109
2.035	0.47	0.1112	0.012
2.035	0.53	0.1111	0.0117
2.035	0.57	0.13	0.0125
2.035	0.62	0.137	0.0126
2.035	0.67	0.1352	0.0134
2.035	0.72	0.1525	0.0145
2.035	0.78	0.1888	0.0164
2.035	0.82	0.2415	0.0202
2.035	0.88	0.2276	0.0208
2.035	0.93	0.2672	0.0282
2.035	-0.69	0.0611	0.0176
2.035	-0.6	0.0603	0.009
2.035	-0.5	0.0582	0.0082
2.035	-0.4	0.0551	0.0073
2.035	-0.3	0.0645	0.0081
2.035	-0.2	0.0671	0.0079
2.035	-0.1	0.0592	0.0074
2.035	0	0.0601	0.0069
2.035	0.1	0.0704	0.0072
2.035	0.2	0.0788	0.0074
2.035	0.3	0.0869	0.0076
2.045	0.37	0.0881	0.0115
2.045	0.42	0.0978	0.0116
2.045	0.47	0.1024	0.0109
2.045	0.53	0.1232	0.0127
2.045	0.57	0.1318	0.0129
2.045	0.62	0.1479	0.0141
2.045	0.67	0.1642	0.0145
2.045	0.72	0.1894	0.0168
2.045	0.78	0.1979	0.0182
2.045	0.82	0.1992	0.0191
2.045	0.88	0.25	0.0244
2.045	0.93	0.2596	0.0264
2.045	-0.6	0.0574	0.0096
2.045	-0.5	0.0622	0.0089
2.045	-0.4	0.0587	0.0081
2.045	-0.3	0.0618	0.0086
2.045	-0.2	0.0628	0.0084
2.045	-0.1	0.0602	0.0084
2.045	0	0.0584	0.0074
2.045	0.1	0.057	0.007
2.045	0.2	0.0677	0.0073
2.045	0.3	0.0794	0.0076
2.055	0.37	0.1023	0.0113
2.055	0.42	0.1081	0.0113
2.055	0.47	0.1104	0.011
2.055	0.53	0.128	0.0122
2.055	0.57	0.1378	0.0133
2.055	0.62	0.145	0.0133
2.055	0.67	0.1763	0.0162
2.055	0.72	0.1965	0.0179
2.055	0.78	0.2375	0.0199
2.055	0.82	0.2098	0.0193
2.055	0.88	0.3096	0.0245
2.055	0.93	0.2869	0.0285
2.055	-0.6	0.0602	0.0087
2.055	-0.5	0.0599	0.0082
2.055	-0.4	0.0604	0.0081
2.055	-0.3	0.0613	0.0082
2.055	-0.2	0.0551	0.0074
2.055	-0.1	0.0667	0.0082
2.055	0	0.0602	0.0072
2.055	0.1	0.0683	0.0072
2.055	0.2	0.0773	0.0074
2.055	0.3	0.0916	0.008
2.065	0.37	0.1039	0.0115
2.065	0.42	0.1237	0.0126
2.065	0.47	0.1307	0.013
2.065	0.53	0.1405	0.0133
2.065	0.57	0.1474	0.0139
2.065	0.62	0.15	0.014
2.065	0.67	0.1732	0.0164
2.065	0.72	0.2059	0.0186
2.065	0.78	0.2386	0.0199
2.065	0.82	0.2712	0.0221
2.065	0.88	0.3177	0.0253
2.065	0.93	0.3459	0.0317
2.065	-0.77	0.0502	0.1491
2.065	-0.7	0.0638	0.0102
2.065	-0.6	0.053	0.0084
2.065	-0.5	0.0545	0.008
2.065	-0.4	0.0624	0.0084
2.065	-0.3	0.0585	0.0076
2.065	-0.2	0.0533	0.0074
2.065	-0.1	0.0611	0.0077
2.065	0	0.0604	0.0079
2.065	0.1	0.0684	0.0078
2.065	0.2	0.0753	0.0074
2.065	0.3	0.0821	0.0073
2.075	0.37	0.1131	0.0122
2.075	0.42	0.1224	0.0125
2.075	0.47	0.1292	0.0126
2.075	0.53	0.129	0.0133
2.075	0.57	0.1486	0.014
2.075	0.62	0.1766	0.0166
2.075	0.67	0.2109	0.0172
2.075	0.72	0.2557	0.0203
2.075	0.78	0.2801	0.0218
2.075	0.82	0.323	0.0238
2.075	0.88	0.339	0.0254
2.075	0.93	0.4671	0.0345
2.075	-0.77	0.0311	0.0157
2.075	-0.7	0.0561	0.0089
2.075	-0.6	0.0551	0.0084
2.075	-0.5	0.0513	0.0078
2.075	-0.4	0.0518	0.0073
2.075	-0.3	0.0571	0.0075
2.075	-0.2	0.0508	0.0073
2.075	-0.1	0.0502	0.0066
2.075	0	0.0593	0.0072
2.075	0.1	0.0674	0.0078
2.075	0.2	0.0782	0.0077
2.075	0.3	0.091	0.0079
2.085	0.37	0.1259	0.0135
2.085	0.42	0.1372	0.014
2.085	0.47	0.1412	0.0143
2.085	0.53	0.1582	0.0148
2.085	0.57	0.1843	0.0173
2.085	0.62	0.1986	0.0188
2.085	0.67	0.244	0.0199
2.085	0.72	0.2776	0.0217
2.085	0.78	0.3034	0.0223
2.085	0.82	0.3464	0.0259
2.085	0.88	0.3682	0.0302
2.085	0.93	0.524	0.0433
2.085	-0.77	0.0494	0.0694
2.085	-0.7	0.0612	0.01
2.085	-0.6	0.0695	0.0095
2.085	-0.5	0.0612	0.0089
2.085	-0.4	0.0594	0.0078
2.085	-0.3	0.0594	0.0084
2.085	-0.2	0.0542	0.0076
2.085	-0.1	0.0629	0.0081
2.085	0	0.0725	0.0081
2.085	0.1	0.0853	0.0087
2.085	0.2	0.0898	0.0081
2.085	0.3	0.1101	0.0091
2.095	0.37	0.1099	0.0129
2.095	0.42	0.1417	0.0143
2.095	0.47	0.1491	0.0145
2.095	0.53	0.1631	0.0145
2.095	0.57	0.1925	0.0164
2.095	0.62	0.252	0.0203
2.095	0.67	0.2863	0.0204
2.095	0.72	0.3022	0.0211
2.095	0.78	0.3403	0.0239
2.095	0.82	0.3838	0.0277
2.095	0.88	0.4305	0.0318
2.095	0.93	0.5976	0.0475
2.095	-0.78	0.047	0.0342
2.095	-0.7	0.0404	0.0077
2.095	-0.6	0.0474	0.008
2.095	-0.5	0.0679	0.0095
2.095	-0.4	0.07	0.0089
2.095	-0.3	0.0679	0.0082
2.095	-0.2	0.0635	0.0077
2.095	-0.1	0.0629	0.0079
2.095	0	0.0669	0.0079
2.095	0.1	0.0733	0.0079
2.095	0.2	0.076	0.0076
2.095	0.3	0.1015	0.0085
2.105	0.37	0.1129	0.0117
2.105	0.42	0.1137	0.0119
2.105	0.47	0.1421	0.0138
2.105	0.53	0.1621	0.0156
2.105	0.57	0.1876	0.0162
2.105	0.62	0.2291	0.0174
2.105	0.67	0.2718	0.0197
2.105	0.72	0.3181	0.0215
2.105	0.78	0.367	0.0259
2.105	0.82	0.3675	0.0278
2.105	0.88	0.4576	0.0348
2.105	0.93	0.5814	0.0459
2.105	-0.78	0.0528	0.0153
2.105	-0.7	0.0505	0.0089
2.105	-0.6	0.0572	0.0086
2.105	-0.5	0.0592	0.0079
2.105	-0.4	0.0627	0.0081
2.105	-0.3	0.0548	0.0075
2.105	-0.2	0.0502	0.0075
2.105	-0.1	0.0544	0.0079
2.105	0	0.0619	0.0074
2.105	0.1	0.0721	0.0076
2.105	0.2	0.0861	0.008
2.105	0.3	0.1093	0.0086
2.115	0.37	0.1284	0.014
2.115	0.42	0.1393	0.0147
2.115	0.47	0.1714	0.017
2.115	0.53	0.1747	0.0159
2.115	0.57	0.2149	0.0169
2.115	0.62	0.2306	0.0182
2.115	0.67	0.2434	0.0196
2.115	0.72	0.3063	0.0237
2.115	0.78	0.3667	0.0274
2.115	0.82	0.4103	0.0309
2.115	0.88	0.4735	0.0344
2.115	0.93	0.6598	0.0528
2.115	-0.78	0.0568	0.0212
2.115	-0.7	0.0672	0.0104
2.115	-0.6	0.0693	0.0101
2.115	-0.5	0.0668	0.0093
2.115	-0.4	0.0565	0.0078
2.115	-0.3	0.0681	0.008
2.115	-0.2	0.064	0.0084
2.115	-0.1	0.065	0.0078
2.115	0	0.0605	0.0077
2.115	0.1	0.0627	0.0077
2.115	0.2	0.08	0.008
2.115	0.3	0.1039	0.009
2.125	0.37	0.1099	0.0118
2.125	0.42	0.1394	0.0143
2.125	0.47	0.1614	0.0152
2.125	0.53	0.1868	0.0161
2.125	0.57	0.2288	0.0173
2.125	0.62	0.2212	0.0173
2.125	0.67	0.2967	0.0221
2.125	0.72	0.3309	0.0246
2.125	0.78	0.3656	0.0264
2.125	0.82	0.485	0.0339
2.125	0.88	0.5127	0.0352
2.125	0.93	0.7116	0.0545
2.125	-0.79	0.0344	0.0113
2.125	-0.7	0.0292	0.0067
2.125	-0.6	0.0549	0.0082
2.125	-0.5	0.0502	0.0074
2.125	-0.4	0.0609	0.008
2.125	-0.3	0.0553	0.0072
2.125	-0.2	0.0607	0.0073
2.125	-0.1	0.0688	0.0078
2.125	0	0.0651	0.007
2.125	0.1	0.0657	0.0072
2.125	0.2	0.0781	0.0078
2.125	0.3	0.104	0.0088
2.135	0.37	0.1416	0.0141
2.135	0.42	0.1421	0.014
2.135	0.47	0.1581	0.0142
2.135	0.53	0.1719	0.0159
2.135	0.57	0.2237	0.0176
2.135	0.62	0.2462	0.0196
2.135	0.67	0.2639	0.0209
2.135	0.72	0.3435	0.0264
2.135	0.78	0.3928	0.0284
2.135	0.82	0.4173	0.0302
2.135	0.88	0.5671	0.0405
2.135	-0.79	0.0268	0.0099
2.135	-0.7	0.0365	0.0071
2.135	-0.6	0.0456	0.0075
2.135	-0.5	0.0535	0.0082
2.135	-0.4	0.0603	0.008
2.135	-0.3	0.0591	0.0077
2.135	-0.2	0.05	0.0066
2.135	-0.1	0.0606	0.0085
2.135	0	0.0648	0.0075
2.135	0.1	0.0716	0.0073
2.135	0.2	0.0858	0.0073
2.135	0.3	0.1127	0.0084
2.145	0.37	0.1218	0.0129
2.145	0.42	0.1547	0.015
2.145	0.47	0.1746	0.0158
2.145	0.53	0.1795	0.0162
2.145	0.57	0.2273	0.0183
2.145	0.62	0.2824	0.0225
2.145	0.67	0.2937	0.0224
2.145	0.72	0.3644	0.0257
2.145	0.78	0.4362	0.0291
2.145	0.82	0.5639	0.0389
2.145	0.88	0.6123	0.0416
2.145	0.93	0.8222	0.0698
2.145	-0.79	0.0382	0.0109
2.145	-0.7	0.0488	0.0083
2.145	-0.6	0.0357	0.0068
2.145	-0.5	0.0491	0.0077
2.145	-0.4	0.0533	0.0078
2.145	-0.3	0.0587	0.0076
2.145	-0.2	0.0657	0.008
2.145	-0.1	0.0584	0.0073
2.145	0	0.0622	0.0075
2.145	0.1	0.0716	0.0076
2.145	0.2	0.0835	0.0074
2.145	0.3	0.1132	0.0089
2.155	0.37	0.134	0.0133
2.155	0.42	0.1658	0.0156
2.155	0.47	0.2105	0.0169
2.155	0.53	0.2286	0.0174
2.155	0.57	0.2282	0.0189
2.155	0.62	0.3029	0.0236
2.155	0.67	0.3332	0.0249
2.155	0.72	0.3815	0.0268
2.155	0.78	0.4598	0.0312
2.155	0.82	0.5704	0.0392
2.155	0.88	0.7832	0.0506
2.155	0.93	0.8698	0.08
2.155	-0.79	0.0385	0.0174
2.155	-0.7	0.0439	0.0079
2.155	-0.6	0.055	0.0082
2.155	-0.5	0.0624	0.0085
2.155	-0.4	0.075	0.009
2.155	-0.3	0.058	0.0073
2.155	-0.2	0.0585	0.0079
2.155	-0.1	0.0617	0.0075
2.155	0	0.0629	0.007
2.155	0.1	0.0688	0.0069
2.155	0.2	0.0832	0.0075
2.155	0.3	0.1001	0.0081
2.165	0.37	0.1456	0.0142
2.165	0.42	0.1557	0.0143
2.165	0.47	0.1785	0.0153
2.165	0.53	0.2175	0.0168
2.165	0.57	0.2608	0.0188
2.165	0.62	0.2693	0.0207
2.165	0.67	0.3074	0.0216
2.165	0.72	0.3917	0.0264
2.165	0.78	0.4526	0.0288
2.165	0.82	0.5479	0.0365
2.165	0.88	0.7156	0.0494
2.165	-0.79	0.0228	0.0077
2.165	-0.7	0.0277	0.006
2.165	-0.6	0.0371	0.007
2.165	-0.5	0.0457	0.0073
2.165	-0.4	0.0426	0.006
2.165	-0.3	0.0532	0.0068
2.165	-0.2	0.0569	0.0066
2.165	-0.1	0.0651	0.0089
2.165	0	0.0658	0.0066
2.165	0.1	0.0749	0.0069
2.165	0.2	0.0818	0.0069
2.165	0.3	0.1131	0.0084
2.175	0.37	0.1239	0.0121
2.175	0.42	0.1281	0.012
2.175	0.47	0.1704	0.0143
2.175	0.53	0.2021	0.0165
2.175	0.57	0.2262	0.0178
2.175	0.62	0.2547	0.0184
2.175	0.67	0.313	0.022
2.175	0.72	0.3516	0.024
2.175	0.78	0.4651	0.0295
2.175	0.82	0.564	0.0371
2.175	0.88	0.7898	0.0539
2.175	-0.79	0.0438	0.0106
2.175	-0.7	0.0438	0.0072
2.175	-0.6	0.0432	0.0066
2.175	-0.5	0.0523	0.0072
2.175	-0.4	0.0472	0.006
2.175	-0.3	0.0539	0.0064
2.175	-0.2	0.0555	0.0061
2.175	-0.1	0.0569	0.0062
2.175	0	0.0494	0.0055
2.175	0.1	0.0596	0.0056
2.175	0.2	0.0805	0.0067
2.175	0.3	0.0947	0.0071
2.185	0.37	0.1368	0.0127
2.185	0.42	0.1512	0.0137
2.185	0.47	0.1659	0.0136
2.185	0.53	0.2129	0.0158
2.185	0.57	0.2276	0.017
2.185	0.62	0.3075	0.0213
2.185	0.67	0.3273	0.0228
2.185	0.72	0.4131	0.0277
2.185	0.78	0.4416	0.03
2.185	0.82	0.5834	0.0385
2.185	0.88	0.706	0.0542
2.185	0.93	0.9708	0.1635
2.185	-0.79	0.0208	0.0072
2.185	-0.7	0.0306	0.0063
2.185	-0.6	0.0343	0.006
2.185	-0.5	0.0458	0.0065
2.185	-0.4	0.051	0.0065
2.185	-0.3	0.0566	0.0062
2.185	-0.2	0.0541	0.0061
2.185	-0.1	0.0506	0.0055
2.185	0	0.0588	0.0061
2.185	0.1	0.0629	0.0057
2.185	0.2	0.0725	0.0059
2.185	0.3	0.106	0.0078
2.195	0.37	0.1336	0.015
2.195	0.42	0.1491	0.0142
2.195	0.47	0.1901	0.0163
2.195	0.53	0.2178	0.018
2.195	0.57	0.2707	0.0203
2.195	0.62	0.3174	0.0228
2.195	0.67	0.3835	0.0272
2.195	0.72	0.4206	0.0279
2.195	0.78	0.4796	0.0345
2.195	0.82	0.5768	0.0449
2.195	0.88	0.6883	0.0569
2.195	0.93	0.8824	0.1187
2.195	-0.8	0.0186	0.0112
2.195	-0.7	0.0364	0.0083
2.195	-0.6	0.0367	0.0067
2.195	-0.5	0.0448	0.0071
2.195	-0.4	0.0491	0.0066
2.195	-0.3	0.0556	0.0067
2.195	-0.2	0.0454	0.0061
2.195	-0.1	0.0488	0.006
2.195	0	0.0534	0.0057
2.195	0.1	0.0616	0.006
2.195	0.2	0.0839	0.0067
2.195	0.3	0.1064	0.0081
2.205	0.37	0.1553	0.0135
2.205	0.42	0.1791	0.0144
2.205	0.47	0.1875	0.0165
2.205	0.53	0.2253	0.0179
2.205	0.57	0.2655	0.0212
2.205	0.62	0.3062	0.0231
2.205	0.67	0.3469	0.0259
2.205	0.72	0.4179	0.0326
2.205	0.78	0.4975	0.0385
2.205	0.82	0.5881	0.0475
2.205	0.88	0.6643	0.0607
2.205	0.93	0.9065	0.1451
2.205	-0.79	0.0321	0.0096
2.205	-0.7	0.0313	0.0065
2.205	-0.6	0.0426	0.0065
2.205	-0.5	0.0411	0.0066
2.205	-0.4	0.0428	0.0062
2.205	-0.3	0.0518	0.0066
2.205	-0.2	0.0448	0.0057
2.205	-0.1	0.0519	0.0061
2.205	0	0.0529	0.0059
2.205	0.1	0.068	0.006
2.205	0.2	0.0843	0.007
2.205	0.3	0.1161	0.0083
2.215	0.37	0.1137	0.0111
2.215	0.42	0.148	0.0127
2.215	0.47	0.1719	0.0148
2.215	0.53	0.2127	0.016
2.215	0.57	0.2395	0.0179
2.215	0.62	0.2837	0.0205
2.215	0.67	0.327	0.024
2.215	0.72	0.414	0.0319
2.215	0.78	0.4781	0.0382
2.215	0.82	0.5726	0.0484
2.215	0.88	0.7547	0.0646
2.215	0.93	1.0021	0.3479
2.215	-0.79	0.0211	0.0065
2.215	-0.7	0.0294	0.0058
2.215	-0.6	0.0255	0.0048
2.215	-0.5	0.0354	0.0056
2.215	-0.4	0.0446	0.0058
2.215	-0.3	0.0392	0.0051
2.215	-0.2	0.0417	0.005
2.215	-0.1	0.0455	0.0051
2.215	0	0.0463	0.0047
2.215	0.1	0.0581	0.005
2.215	0.2	0.0725	0.0057
2.215	0.3	0.0963	0.0069
2.225	0.37	0.1212	0.0106
2.225	0.42	0.1341	0.012
2.225	0.47	0.1795	0.0147
2.225	0.53	0.204	0.0157
2.225	0.57	0.2566	0.0192
2.225	0.62	0.2568	0.0194
2.225	0.67	0.2975	0.0239
2.225	0.72	0.3606	0.0292
2.225	0.78	0.4552	0.0374
2.225	0.82	0.5323	0.0452
2.225	0.88	0.6792	0.0546
2.225	0.93	1.2651	0.2922
2.225	-0.8	0.0406	0.0124
2.225	-0.7	0.0335	0.0066
2.225	-0.6	0.0317	0.0056
2.225	-0.5	0.0343	0.0055
2.225	-0.4	0.0316	0.0051
2.225	-0.3	0.0441	0.0057
2.225	-0.2	0.0447	0.0052
2.225	-0.1	0.0469	0.0048
2.225	0	0.046	0.0046
2.225	0.1	0.057	0.0048
2.225	0.2	0.0693	0.0059
2.225	0.3	0.1032	0.007
2.235	0.37	0.1254	0.0103
2.235	0.42	0.1379	0.012
2.235	0.47	0.1614	0.0131
2.235	0.53	0.2038	0.0157
2.235	0.57	0.2377	0.0173
2.235	0.62	0.2644	0.0194
2.235	0.67	0.3689	0.0276
2.235	0.72	0.3859	0.0313
2.235	0.78	0.4527	0.0372
2.235	0.82	0.5512	0.0419
2.235	0.88	0.7403	0.0553
2.235	0.93	0.8176	0.2304
2.235	-0.8	0.0181	0.0069
2.235	-0.7	0.0334	0.0065
2.235	-0.6	0.0362	0.0059
2.235	-0.5	0.0327	0.0052
2.235	-0.4	0.0433	0.0056
2.235	-0.3	0.0391	0.0051
2.235	-0.2	0.0449	0.0052
2.235	-0.1	0.041	0.0046
2.235	0	0.0464	0.0046
2.235	0.1	0.0556	0.005
2.235	0.2	0.0789	0.0059
2.235	0.3	0.0976	0.0066
2.245	0.37	0.1165	0.0104
2.245	0.42	0.1396	0.0118
2.245	0.47	0.1616	0.0128
2.245	0.53	0.2168	0.017
2.245	0.57	0.2187	0.0167
2.245	0.62	0.2834	0.0218
2.245	0.67	0.3085	0.0246
2.245	0.72	0.376	0.0311
2.245	0.78	0.4369	0.036
2.245	0.82	0.5285	0.0409
2.245	0.88	0.7446	0.0523
2.245	0.93	0.731	0.2049
2.245	-0.8	0.0194	0.0064
2.245	-0.7	0.0214	0.0052
2.245	-0.6	0.0376	0.0063
2.245	-0.5	0.0386	0.0061
2.245	-0.4	0.0362	0.0052
2.245	-0.3	0.0351	0.0048
2.245	-0.2	0.0419	0.0051
2.245	-0.1	0.0402	0.0044
2.245	0	0.0502	0.0051
2.245	0.1	0.0593	0.005
2.245	0.2	0.0739	0.0058
2.245	0.3	0.1026	0.0067
2.255	0.37	0.1416	0.0116
2.255	0.42	0.1741	0.0135
2.255	0.47	0.1976	0.0147
2.255	0.53	0.205	0.0152
2.255	0.57	0.2568	0.0189
2.255	0.62	0.2937	0.0217
2.255	0.67	0.331	0.0271
2.255	0.72	0.4091	0.035
2.255	0.78	0.4834	0.0382
2.255	0.82	0.5463	0.0416
2.255	0.88	0.7601	0.0549
2.255	0.92	0.8421	0.125
2.255	-0.8	0.0329	0.0085
2.255	-0.7	0.0437	0.0071
2.255	-0.6	0.0477	0.0065
2.255	-0.5	0.0422	0.0058
2.255	-0.4	0.0495	0.006
2.255	-0.3	0.0456	0.0051
2.255	-0.2	0.0473	0.0051
2.255	-0.1	0.0476	0.0046
2.255	0	0.0533	0.0048
2.255	0.1	0.0603	0.0049
2.255	0.2	0.0839	0.0061
2.255	0.3	0.1161	0.0073
2.265	0.37	0.1452	0.0118
2.265	0.42	0.1605	0.0133
2.265	0.47	0.178	0.014
2.265	0.53	0.2111	0.0164
2.265	0.57	0.2604	0.0197
2.265	0.62	0.3137	0.0245
2.265	0.67	0.4146	0.0308
2.265	0.72	0.3933	0.031
2.265	0.78	0.4985	0.0355
2.265	0.82	0.5414	0.0396
2.265	0.88	0.7152	0.053
2.265	0.93	0.6256	0.1284
2.265	-0.8	0.0268	0.0072
2.265	-0.7	0.0357	0.0064
2.265	-0.6	0.0441	0.0065
2.265	-0.5	0.0443	0.0061
2.265	-0.4	0.0429	0.0056
2.265	-0.3	0.0432	0.0051
2.265	-0.2	0.0492	0.0052
2.265	-0.1	0.0462	0.0046
2.265	0	0.0455	0.0045
2.265	0.1	0.0669	0.0054
2.265	0.2	0.0778	0.0057
2.265	0.3	0.1128	0.007
2.275	0.37	0.1251	0.0107
2.275	0.42	0.1481	0.0121
2.275	0.47	0.1691	0.0137
2.275	0.53	0.2227	0.0167
2.275	0.57	0.2793	0.0203
2.275	0.62	0.2719	0.0203
2.275	0.67	0.3545	0.0274
2.275	0.72	0.4097	0.0299
2.275	0.78	0.4917	0.035
2.275	0.82	0.5353	0.0399
2.275	0.88	0.7174	0.0495
2.275	0.92	0.997	0.1937
2.275	-0.8	0.0399	0.0094
2.275	-0.7	0.0433	0.0071
2.275	-0.6	0.047	0.0064
2.275	-0.5	0.0507	0.0063
2.275	-0.4	0.0516	0.006
2.275	-0.3	0.0446	0.0053
2.275	-0.2	0.0388	0.0046
2.275	-0.1	0.0438	0.0048
2.275	0	0.049	0.0048
2.275	0.1	0.0559	0.0046
2.275	0.2	0.0686	0.0052
2.275	0.3	0.106	0.0067
2.285	0.37	0.1209	0.0101
2.285	0.42	0.1351	0.0111
2.285	0.47	0.1716	0.0131
2.285	0.53	0.1807	0.0143
2.285	0.57	0.2422	0.0184
2.285	0.62	0.2786	0.0218
2.285	0.67	0.3291	0.026
2.285	0.72	0.3399	0.0276
2.285	0.78	0.4674	0.0352
2.285	0.82	0.4951	0.0377
2.285	0.88	0.6522	0.0512
2.285	0.92	0.646	0.1097
2.285	-0.8	0.0386	0.0081
2.285	-0.7	0.0398	0.006
2.285	-0.6	0.0475	0.0064
2.285	-0.5	0.0431	0.0057
2.285	-0.4	0.055	0.006
2.285	-0.3	0.0472	0.0049
2.285	-0.2	0.0355	0.004
2.285	-0.1	0.0361	0.004
2.285	0	0.0446	0.0042
2.285	0.1	0.0548	0.0045
2.285	0.2	0.0694	0.0051
2.285	0.3	0.0965	0.0061
2.295	0.37	0.1271	0.0105
2.295	0.42	0.1461	0.0117
2.295	0.47	0.1758	0.0139
2.295	0.53	0.1883	0.0141
2.295	0.57	0.2054	0.0169
2.295	0.62	0.296	0.023
2.295	0.67	0.3461	0.0272
2.295	0.72	0.3857	0.0283
2.295	0.78	0.4584	0.0318
2.295	0.82	0.5359	0.0379
2.295	0.88	0.7115	0.0511
2.295	0.92	0.5601	0.0821
2.295	-0.8	0.0196	0.0056
2.295	-0.7	0.0468	0.007
2.295	-0.6	0.0387	0.0056
2.295	-0.5	0.0408	0.0055
2.295	-0.4	0.0337	0.0046
2.295	-0.3	0.0381	0.0046
2.295	-0.2	0.0439	0.0046
2.295	-0.1	0.0376	0.004
2.295	0	0.0447	0.0041
2.295	0.1	0.0576	0.0047
2.295	0.2	0.0711	0.0052
2.295	0.3	0.1078	0.0066
2.305	0.37	0.1194	0.0093
2.305	0.42	0.1388	0.0111
2.305	0.47	0.1513	0.0124
2.305	0.53	0.1912	0.015
2.305	0.57	0.2349	0.0178
2.305	0.62	0.2541	0.0198
2.305	0.67	0.3086	0.024
2.305	0.72	0.4068	0.0285
2.305	0.78	0.5508	0.0388
2.305	0.82	0.5519	0.0368
2.305	0.88	0.7978	0.0556
2.305	0.92	0.5938	0.0862
2.305	-0.8	0.0236	0.0068
2.305	-0.7	0.0264	0.0048
2.305	-0.6	0.0321	0.005
2.305	-0.5	0.03	0.0043
2.305	-0.4	0.0286	0.0041
2.305	-0.3	0.0317	0.004
2.305	-0.2	0.0317	0.0037
2.305	-0.1	0.0371	0.004
2.305	0	0.0401	0.0039
2.305	0.1	0.0459	0.0039
2.305	0.2	0.0701	0.0051
2.305	0.3	0.0967	0.0059
2.315	0.37	0.0984	0.0088
2.315	0.42	0.1166	0.0101
2.315	0.47	0.1405	0.012
2.315	0.53	0.1777	0.0141
2.315	0.57	0.2016	0.0163
2.315	0.62	0.235	0.0186
2.315	0.67	0.3102	0.0233
2.315	0.72	0.3844	0.0292
2.315	0.78	0.4456	0.0326
2.315	0.82	0.4953	0.0353
2.315	0.88	0.6952	0.0496
2.315	0.92	0.5333	0.0574
2.315	-0.8	0.0331	0.0074
2.315	-0.7	0.0267	0.005
2.315	-0.6	0.0314	0.0048
2.315	-0.5	0.0409	0.0053
2.315	-0.4	0.036	0.0046
2.315	-0.3	0.0338	0.004
2.315	-0.2	0.033	0.0039
2.315	-0.1	0.0278	0.0034
2.315	0	0.0337	0.0035
2.315	0.1	0.0408	0.0037
2.315	0.2	0.0595	0.0046
2.315	0.3	0.0796	0.0054
2.325	0.37	0.1036	0.009
2.325	0.42	0.1502	0.0115
2.325	0.47	0.1539	0.012
2.325	0.53	0.206	0.0152
2.325	0.57	0.2215	0.0178
2.325	0.62	0.2707	0.0218
2.325	0.67	0.3219	0.024
2.325	0.72	0.4158	0.0289
2.325	0.78	0.4793	0.0331
2.325	0.82	0.5621	0.0391
2.325	0.88	0.7477	0.0527
2.325	0.93	0.599	0.2009
2.325	-0.8	0.0236	0.0063
2.325	-0.7	0.0304	0.0053
2.325	-0.6	0.0331	0.0049
2.325	-0.5	0.0286	0.0043
2.325	-0.4	0.0438	0.0052
2.325	-0.3	0.0305	0.0038
2.325	-0.2	0.0232	0.0032
2.325	-0.1	0.0273	0.0032
2.325	0	0.0351	0.0036
2.325	0.1	0.0409	0.0038
2.325	0.2	0.0625	0.0048
2.325	0.3	0.0841	0.0056
2.335	0.37	0.1133	0.0099
2.335	0.42	0.1394	0.0113
2.335	0.47	0.1652	0.013
2.335	0.53	0.1913	0.0146
2.335	0.57	0.2238	0.0181
2.335	0.62	0.2339	0.0189
2.335	0.67	0.3519	0.0257
2.335	0.72	0.3819	0.0269
2.335	0.78	0.5237	0.036
2.335	0.82	0.6075	0.0404
2.335	0.88	0.7501	0.0557
2.335	0.92	0.7377	0.1158
2.335	-0.8	0.041	0.0173
2.335	-0.7	0.0259	0.0053
2.335	-0.6	0.0288	0.0046
2.335	-0.5	0.0377	0.0052
2.335	-0.4	0.0315	0.0044
2.335	-0.3	0.0261	0.0035
2.335	-0.2	0.0301	0.0037
2.335	-0.1	0.03	0.0036
2.335	0	0.0331	0.0035
2.335	0.1	0.0428	0.0038
2.335	0.2	0.0573	0.0046
2.335	0.3	0.0836	0.0056
2.345	0.37	0.1043	0.0093
2.345	0.42	0.1229	0.0108
2.345	0.47	0.1546	0.0127
2.345	0.53	0.1844	0.0149
2.345	0.57	0.2244	0.0184
2.345	0.62	0.2678	0.0226
2.345	0.67	0.3062	0.0236
2.345	0.72	0.3653	0.0268
2.345	0.78	0.4862	0.0346
2.345	0.82	0.6213	0.0439
2.345	0.88	0.7308	0.0522
2.345	0.92	0.7467	0.1101
2.345	-0.8	0.037	0.0083
2.345	-0.7	0.0279	0.0052
2.345	-0.6	0.0224	0.0041
2.345	-0.5	0.0247	0.0039
2.345	-0.4	0.0248	0.0038
2.345	-0.3	0.0233	0.0032
2.345	-0.2	0.0276	0.0035
2.345	-0.1	0.0291	0.0034
2.345	0	0.0364	0.0039
2.345	0.1	0.0404	0.0038
2.345	0.2	0.0659	0.0051
2.345	0.3	0.0845	0.0057
2.355	0.37	0.1075	0.0095
2.355	0.42	0.1322	0.0107
2.355	0.47	0.1796	0.0135
2.355	0.53	0.1784	0.0144
2.355	0.57	0.2376	0.0196
2.355	0.62	0.3018	0.0228
2.355	0.67	0.3453	0.0244
2.355	0.72	0.4285	0.0308
2.355	0.78	0.4767	0.0354
2.355	0.82	0.6418	0.046
2.355	0.88	0.834	0.06
2.355	0.92	0.9396	0.1555
2.355	-0.8	0.0284	0.0068
2.355	-0.7	0.032	0.0054
2.355	-0.6	0.0253	0.0041
2.355	-0.5	0.0243	0.0038
2.355	-0.4	0.0249	0.0037
2.355	-0.3	0.0314	0.0039
2.355	-0.2	0.0244	0.0031
2.355	-0.1	0.0292	0.0034
2.355	0	0.0362	0.0036
2.355	0.1	0.0426	0.0037
2.355	0.2	0.0654	0.0051
2.355	0.3	0.0886	0.0058
2.365	0.37	0.1125	0.0102
2.365	0.42	0.1299	0.0112
2.365	0.47	0.1604	0.0132
2.365	0.53	0.2032	0.016
2.365	0.57	0.216	0.0174
2.365	0.62	0.2945	0.0217
2.365	0.67	0.3559	0.0259
2.365	0.72	0.5027	0.034
2.365	0.78	0.5667	0.0389
2.365	0.82	0.6958	0.0512
2.365	0.88	0.9405	0.0708
2.365	0.92	0.8708	0.1159
2.365	-0.8	0.0193	0.0057
2.365	-0.7	0.0189	0.0043
2.365	-0.6	0.025	0.0042
2.365	-0.5	0.0288	0.0046
2.365	-0.4	0.0268	0.004
2.365	-0.3	0.0241	0.0035
2.365	-0.2	0.0213	0.003
2.365	-0.1	0.0269	0.0033
2.365	0	0.035	0.0037
2.365	0.1	0.047	0.004
2.365	0.2	0.0611	0.0052
2.365	0.3	0.0895	0.0061
2.375	0.37	0.1072	0.0097
2.375	0.42	0.1332	0.0108
2.375	0.47	0.1758	0.0133
2.375	0.53	0.1788	0.0137
2.375	0.57	0.2254	0.0175
2.375	0.62	0.2773	0.0202
2.375	0.67	0.3579	0.0262
2.375	0.72	0.4129	0.0307
2.375	0.78	0.5046	0.0375
2.375	0.82	0.6293	0.0462
2.375	0.88	0.7177	0.0527
2.375	0.92	0.7964	0.0878
2.375	-0.8	0.0166	0.005
2.375	-0.7	0.0174	0.0039
2.375	-0.6	0.025	0.0041
2.375	-0.5	0.0229	0.0038
2.375	-0.4	0.0228	0.0036
2.375	-0.3	0.0257	0.0035
2.375	-0.2	0.023	0.003
2.375	-0.1	0.0257	0.0031
2.375	0	0.0319	0.0034
2.375	0.1	0.0369	0.0034
2.375	0.2	0.0602	0.0047
2.375	0.3	0.0884	0.0057
2.385	0.37	0.1027	0.0092
2.385	0.42	0.124	0.0106
2.385	0.47	0.1389	0.012
2.385	0.53	0.1601	0.014
2.385	0.57	0.2083	0.0173
2.385	0.62	0.2262	0.0184
2.385	0.67	0.3029	0.0233
2.385	0.72	0.37	0.0289
2.385	0.78	0.4357	0.0357
2.385	0.82	0.5952	0.0446
2.385	0.88	0.7016	0.0529
2.385	0.92	0.9299	0.0989
2.385	-0.8	0.0141	0.0068
2.385	-0.7	0.0207	0.0046
2.385	-0.6	0.0208	0.0039
2.385	-0.5	0.0229	0.004
2.385	-0.4	0.0146	0.0028
2.385	-0.3	0.0241	0.0032
2.385	-0.2	0.0243	0.0031
2.385	-0.1	0.0244	0.0031
2.385	0	0.03	0.0032
2.385	0.1	0.0377	0.0036
2.385	0.2	0.0509	0.0042
2.385	0.3	0.0763	0.0053
2.395	0.37	0.0918	0.0087
2.395	0.42	0.1139	0.0104
2.395	0.47	0.1438	0.0131
2.395	0.53	0.1626	0.0146
2.395	0.57	0.2077	0.0176
2.395	0.62	0.2378	0.019
2.395	0.67	0.3259	0.0253
2.395	0.72	0.4044	0.0288
2.395	0.78	0.4919	0.0362
2.395	0.82	0.6193	0.0444
2.395	0.88	0.814	0.0566
2.395	0.92	0.9309	0.1912
2.395	-0.8	0.0163	0.0111
2.395	-0.7	0.0113	0.0034
2.395	-0.6	0.016	0.0036
2.395	-0.5	0.0133	0.0031
2.395	-0.4	0.0152	0.0031
2.395	-0.3	0.0183	0.003
2.395	-0.2	0.0248	0.0034
2.395	-0.1	0.0275	0.0033
2.395	0	0.032	0.0034
2.395	0.1	0.0417	0.0037
2.395	0.2	0.0495	0.0043
2.395	0.3	0.0727	0.0053
2.405	0.37	0.0943	0.0093
2.405	0.42	0.1107	0.0105
2.405	0.47	0.1363	0.0127
2.405	0.53	0.1558	0.0149
2.405	0.57	0.2037	0.0187
2.405	0.62	0.2698	0.0221
2.405	0.67	0.2684	0.0229
2.405	0.72	0.4228	0.0314
2.405	0.78	0.4818	0.037
2.405	0.82	0.6313	0.0464
2.405	0.88	0.893	0.062
2.405	0.92	0.7729	0.0857
2.405	-0.8	0.0127	0.0052
2.405	-0.7	0.0157	0.0042
2.405	-0.6	0.02	0.004
2.405	-0.5	0.0199	0.0039
2.405	-0.4	0.0166	0.0033
2.405	-0.3	0.0179	0.003
2.405	-0.2	0.0196	0.0031
2.405	-0.1	0.0259	0.0033
2.405	0	0.0218	0.0029
2.405	0.1	0.0368	0.0037
2.405	0.2	0.0564	0.0048
2.405	0.3	0.0814	0.0058
2.415	0.37	0.1028	0.0094
2.415	0.42	0.1167	0.0099
2.415	0.47	0.1364	0.0113
2.415	0.53	0.1494	0.0138
2.415	0.57	0.1914	0.0169
2.415	0.62	0.2608	0.0202
2.415	0.67	0.2982	0.0236
2.415	0.72	0.3597	0.0302
2.415	0.78	0.4844	0.0367
2.415	0.82	0.6255	0.0437
2.415	0.88	0.8316	0.0547
2.415	0.92	0.8146	0.0886
2.415	-0.8	0.0143	0.009
2.415	-0.7	0.011	0.0034
2.415	-0.6	0.0159	0.0034
2.415	-0.5	0.0177	0.0036
2.415	-0.4	0.0184	0.0033
2.415	-0.3	0.0202	0.0033
2.415	-0.2	0.0163	0.0026
2.415	-0.1	0.027	0.0033
2.415	0	0.0353	0.0036
2.415	0.1	0.037	0.0035
2.415	0.2	0.0614	0.0049
2.415	0.3	0.0777	0.0056
2.425	0.37	0.0953	0.0089
2.425	0.42	0.1234	0.0107
2.425	0.47	0.1484	0.0122
2.425	0.53	0.174	0.0151
2.425	0.57	0.2175	0.0175
2.425	0.62	0.2789	0.0217
2.425	0.67	0.2952	0.0225
2.425	0.72	0.3974	0.0297
2.425	0.78	0.478	0.037
2.425	0.82	0.6124	0.0427
2.425	0.88	0.9089	0.0583
2.425	0.92	0.99	0.1466
2.425	-0.8	0.0122	0.0044
2.425	-0.69	0.0104	0.0031
2.425	-0.6	0.0162	0.0032
2.425	-0.5	0.016	0.0031
2.425	-0.4	0.0198	0.0035
2.425	-0.3	0.0209	0.003
2.425	-0.2	0.028	0.0034
2.425	-0.1	0.0253	0.003
2.425	0	0.0262	0.0029
2.425	0.1	0.0333	0.0031
2.425	0.2	0.0568	0.0044
2.425	0.3	0.0847	0.0055
2.435	0.37	0.0949	0.009
2.435	0.42	0.1207	0.0104
2.435	0.47	0.1291	0.0113
2.435	0.53	0.1598	0.0144
2.435	0.57	0.2104	0.0178
2.435	0.62	0.2302	0.0191
2.435	0.67	0.2809	0.0228
2.435	0.72	0.3264	0.0276
2.435	0.78	0.5092	0.0383
2.435	0.82	0.6698	0.0465
2.435	0.88	0.8366	0.0545
2.435	0.92	0.892	0.0965
2.435	-0.79	0.0139	0.005
2.435	-0.7	0.0134	0.0037
2.435	-0.6	0.012	0.0028
2.435	-0.5	0.0162	0.0033
2.435	-0.4	0.0158	0.003
2.435	-0.3	0.021	0.0031
2.435	-0.2	0.021	0.0029
2.435	-0.1	0.0237	0.0029
2.435	0	0.0282	0.003
2.435	0.1	0.035	0.0033
2.435	0.2	0.0559	0.0044
2.435	0.3	0.0768	0.0054
2.445	0.37	0.0964	0.0088
2.445	0.42	0.1216	0.0105
2.445	0.47	0.1304	0.0136
2.445	0.53	0.1531	0.0141
2.445	0.57	0.2025	0.0169
2.445	0.62	0.2329	0.019
2.445	0.67	0.2733	0.0228
2.445	0.72	0.3719	0.0287
2.445	0.78	0.4998	0.0376
2.445	0.82	0.6869	0.0484
2.445	0.88	1.0497	0.0644
2.445	0.92	1.1181	0.1091
2.445	-0.8	0.0133	0.0049
2.445	-0.7	0.0085	0.0025
2.445	-0.6	0.0094	0.0023
2.445	-0.5	0.0115	0.0026
2.445	-0.4	0.0148	0.0029
2.445	-0.3	0.0179	0.0028
2.445	-0.2	0.0189	0.0027
2.445	-0.1	0.0235	0.0029
2.445	0	0.0297	0.0031
2.445	0.1	0.0416	0.0036
2.445	0.2	0.0549	0.0045
2.445	0.3	0.0741	0.0053
2.455	0.37	0.0896	0.0084
2.455	0.42	0.1198	0.01
2.455	0.47	0.1268	0.0113
2.455	0.53	0.1533	0.0132
2.455	0.57	0.1853	0.0163
2.455	0.62	0.2281	0.0184
2.455	0.67	0.2518	0.0204
2.455	0.72	0.3774	0.0296
2.455	0.78	0.4708	0.0359
2.455	0.82	0.6861	0.0464
2.455	0.88	0.8143	0.0498
2.455	0.92	1.0405	0.1047
2.455	-0.8	0.0106	0.0062
2.455	-0.7	0.012	0.003
2.455	-0.6	0.0102	0.0024
2.455	-0.5	0.0115	0.0024
2.455	-0.4	0.0118	0.0025
2.455	-0.3	0.0167	0.0026
2.455	-0.2	0.0163	0.0025
2.455	-0.1	0.0162	0.0026
2.455	0	0.0222	0.0026
2.455	0.1	0.035	0.0032
2.455	0.2	0.0539	0.0042
2.455	0.3	0.0757	0.0051
2.465	0.37	0.0905	0.0089
2.465	0.42	0.1052	0.0099
2.465	0.47	0.1302	0.0121
2.465	0.53	0.1333	0.0142
2.465	0.57	0.205	0.0176
2.465	0.62	0.2343	0.019
2.465	0.67	0.3047	0.0249
2.465	0.72	0.3808	0.0294
2.465	0.78	0.4956	0.037
2.465	0.82	0.7332	0.0471
2.465	0.88	0.9405	0.059
2.465	0.92	1.0754	0.0981
2.465	-0.8	0.0124	0.005
2.465	-0.7	0.0104	0.0033
2.465	-0.6	0.0107	0.0027
2.465	-0.5	0.0123	0.0028
2.465	-0.4	0.0139	0.003
2.465	-0.3	0.0148	0.0028
2.465	-0.2	0.0186	0.0029
2.465	-0.1	0.0215	0.0029
2.465	0	0.0275	0.0032
2.465	0.1	0.0354	0.0036
2.465	0.2	0.0554	0.0047
2.465	0.3	0.0752	0.0057
2.475	0.37	0.0801	0.0079
2.475	0.42	0.1122	0.0105
2.475	0.47	0.1142	0.0117
2.475	0.53	0.1521	0.0141
2.475	0.57	0.2127	0.0172
2.475	0.62	0.2658	0.0208
2.475	0.67	0.291	0.0242
2.475	0.72	0.4394	0.0328
2.475	0.78	0.5762	0.0423
2.475	0.82	0.7341	0.0505
2.475	0.88	0.9927	0.064
2.475	0.92	1.4785	0.1511
2.475	-0.79	0.0139	0.0052
2.475	-0.7	0.0116	0.0032
2.475	-0.6	0.0113	0.0028
2.475	-0.5	0.0083	0.0023
2.475	-0.4	0.0141	0.0029
2.475	-0.3	0.0144	0.0026
2.475	-0.2	0.0172	0.0027
2.475	-0.1	0.0217	0.0028
2.475	0	0.0227	0.0028
2.475	0.1	0.0367	0.0035
2.475	0.2	0.0525	0.0045
2.475	0.3	0.0772	0.0055
2.485	0.37	0.0858	0.008
2.485	0.42	0.1083	0.0098
2.485	0.47	0.1225	0.0113
2.485	0.53	0.1661	0.0143
2.485	0.57	0.1911	0.016
2.485	0.62	0.2408	0.019
2.485	0.67	0.3314	0.0261
2.485	0.72	0.3632	0.0282
2.485	0.78	0.5274	0.0377
2.485	0.82	0.6366	0.0415
2.485	0.88	1.0137	0.0608
2.485	0.92	1.279	0.1118
2.485	-0.8	0.009	0.0054
2.485	-0.7	0.0085	0.0028
2.485	-0.6	0.0065	0.002
2.485	-0.5	0.0087	0.0021
2.485	-0.4	0.0108	0.0024
2.485	-0.3	0.0117	0.0023
2.485	-0.2	0.0173	0.0026
2.485	-0.1	0.019	0.0027
2.485	0	0.0236	0.0027
2.485	0.1	0.0333	0.0032
2.485	0.2	0.0527	0.0042
2.485	0.3	0.0696	0.0049
2.495	0.37	0.086	0.0086
2.495	0.42	0.099	0.009
2.495	0.47	0.1082	0.0103
2.495	0.53	0.1493	0.0132
2.495	0.57	0.1862	0.0161
2.495	0.62	0.2219	0.0182
2.495	0.67	0.3031	0.0238
2.495	0.72	0.3898	0.0313
2.495	0.78	0.5365	0.0393
2.495	0.82	0.6781	0.0454
2.495	0.88	0.924	0.0576
2.495	0.92	1.0674	0.0954
2.495	-0.79	0.0102	0.0046
2.495	-0.7	0.0045	0.0023
2.495	-0.6	0.0077	0.0023
2.495	-0.5	0.0065	0.0018
2.495	-0.4	0.0093	0.0023
2.495	-0.3	0.0067	0.0017
2.495	-0.2	0.0125	0.0023
2.495	-0.1	0.0133	0.0021
2.495	0	0.0163	0.0023
2.495	0.1	0.0213	0.0025
2.495	0.2	0.0416	0.0038
2.495	0.3	0.063	0.0047
2.505	0.37	0.0784	0.0077
2.505	0.42	0.0884	0.0087
2.505	0.47	0.1056	0.0101
2.505	0.53	0.1211	0.0127
2.505	0.57	0.1972	0.0166
2.505	0.62	0.2242	0.018
2.505	0.67	0.2752	0.0217
2.505	0.72	0.4116	0.0324
2.505	0.78	0.5716	0.0407
2.505	0.82	0.755	0.0494
2.505	0.88	0.9841	0.0577
2.505	0.92	1.1507	0.0876
2.505	-0.8	0.0058	0.0031
2.505	-0.7	0.0056	0.0021
2.505	-0.59	0.0053	0.0019
2.505	-0.5	0.0063	0.0019
2.505	-0.4	0.0118	0.0025
2.505	-0.3	0.0121	0.0022
2.505	-0.2	0.0169	0.0026
2.505	-0.1	0.0177	0.0025
2.505	0	0.0225	0.0027
2.505	0.1	0.0291	0.003
2.505	0.2	0.0468	0.0041
2.505	0.3	0.0545	0.0043
2.515	0.37	0.0804	0.008
2.515	0.42	0.0859	0.0083
2.515	0.47	0.1046	0.0107
2.515	0.53	0.1501	0.0136
2.515	0.57	0.167	0.0147
2.515	0.62	0.2203	0.0186
2.515	0.67	0.2732	0.0214
2.515	0.72	0.3517	0.0305
2.515	0.78	0.5097	0.038
2.515	0.82	0.7042	0.0464
2.515	0.88	1.0079	0.0636
2.515	0.92	1.2909	0.0962
2.515	-0.8	0.0069	0.0068
2.515	-0.7	0.006	0.0021
2.515	-0.6	0.0062	0.0019
2.515	-0.5	0.0084	0.0021
2.515	-0.4	0.0078	0.002
2.515	-0.3	0.0107	0.0021
2.515	-0.2	0.0133	0.0023
2.515	-0.1	0.0115	0.0019
2.515	0	0.0162	0.0023
2.515	0.1	0.0261	0.0029
2.515	0.2	0.0375	0.0037
2.515	0.3	0.0544	0.0044
2.525	0.37	0.0732	0.0078
2.525	0.42	0.0801	0.0092
2.525	0.47	0.113	0.012
2.525	0.53	0.1454	0.0145
2.525	0.57	0.181	0.0161
2.525	0.62	0.2458	0.0208
2.525	0.67	0.312	0.0266
2.525	0.72	0.3994	0.034
2.525	0.78	0.6132	0.0439
2.525	0.82	0.7749	0.0502
2.525	0.88	0.9837	0.0624
2.525	0.92	1.2787	0.1029
2.525	-0.79	0.0108	0.0051
2.525	-0.7	0.0097	0.0033
2.525	-0.6	0.0067	0.0022
2.525	-0.5	0.0072	0.002
2.525	-0.4	0.0092	0.0023
2.525	-0.3	0.0143	0.0026
2.525	-0.2	0.0112	0.0022
2.525	-0.1	0.015	0.0024
2.525	0	0.0178	0.0025
2.525	0.1	0.0264	0.0031
2.525	0.2	0.0427	0.0043
2.525	0.3	0.0581	0.0048
2.535	0.37	0.0839	0.0088
2.535	0.42	0.102	0.0099
2.535	0.47	0.1174	0.0114
2.535	0.53	0.1443	0.0146
2.535	0.57	0.1916	0.0173
2.535	0.62	0.2371	0.0199
2.535	0.67	0.3107	0.0265
2.535	0.72	0.4268	0.0338
2.535	0.78	0.5961	0.0431
2.535	0.82	0.7357	0.0488
2.535	0.88	1.0674	0.0643
2.535	0.92	1.4336	0.1074
2.535	-0.8	0.0054	0.0031
2.535	-0.7	0.0094	0.0028
2.535	-0.6	0.0046	0.0016
2.535	-0.5	0.0039	0.0014
2.535	-0.4	0.0087	0.0022
2.535	-0.3	0.0093	0.002
2.535	-0.2	0.0125	0.0022
2.535	-0.1	0.0142	0.0023
2.535	0	0.0177	0.0024
2.535	0.1	0.0251	0.0029
2.535	0.2	0.0396	0.0037
2.535	0.3	0.0656	0.005
2.545	0.37	0.0828	0.0086
2.545	0.42	0.1046	0.0104
2.545	0.47	0.1112	0.0123
2.545	0.53	0.1606	0.016
2.545	0.57	0.2364	0.0189
2.545	0.62	0.277	0.0219
2.545	0.67	0.3646	0.0277
2.545	0.72	0.4428	0.0323
2.545	0.78	0.5651	0.0389
2.545	0.82	0.8978	0.053
2.545	0.88	1.1293	0.0672
2.545	0.92	1.4657	0.104
2.545	-0.79	0.004	0.0027
2.545	-0.7	0.0057	0.0023
2.545	-0.6	0.0054	0.0018
2.545	-0.5	0.0044	0.0016
2.545	-0.4	0.0089	0.0021
2.545	-0.3	0.0105	0.0022
2.545	-0.2	0.0116	0.0022
2.545	-0.1	0.0121	0.0021
2.545	0	0.0168	0.0023
2.545	0.1	0.0278	0.003
2.545	0.2	0.0401	0.004
2.545	0.3	0.0639	0.005
2.555	0.37	0.0906	0.0091
2.555	0.42	0.0863	0.0093
2.555	0.47	0.1005	0.0104
2.555	0.53	0.1778	0.0165
2.555	0.57	0.2145	0.0172
2.555	0.62	0.2674	0.0215
2.555	0.67	0.3384	0.0261
2.555	0.72	0.4549	0.0343
2.555	0.78	0.6159	0.0434
2.555	0.82	0.8055	0.0508
2.555	0.88	1.14	0.0673
2.555	0.92	1.5381	0.108
2.555	-0.8	0.0055	0.0034
2.555	-0.69	0.0032	0.0019
2.555	-0.6	0.0052	0.0022
2.555	-0.5	0.0044	0.0016
2.555	-0.4	0.0085	0.0022
2.555	-0.3	0.0074	0.0019
2.555	-0.2	0.0098	0.002
2.555	-0.1	0.0126	0.0023
2.555	0	0.0159	0.0023
2.555	0.1	0.0227	0.0027
2.555	0.2	0.0395	0.004
2.555	0.3	0.0604	0.0051
2.565	0.37	0.0711	0.0076
2.565	0.42	0.1014	0.0097
2.565	0.47	0.1157	0.0116
2.565	0.53	0.1599	0.0152
2.565	0.57	0.2045	0.0161
2.565	0.62	0.249	0.0195
2.565	0.67	0.3622	0.0272
2.565	0.72	0.4429	0.0322
2.565	0.78	0.6837	0.0474
2.565	0.82	0.8435	0.0533
2.565	0.88	1.2091	0.0682
2.565	0.92	1.575	0.1086
2.565	-0.8	0.0065	0.0042
2.565	-0.7	0.0044	0.0021
2.565	-0.6	0.0048	0.0017
2.565	-0.5	0.0041	0.0014
2.565	-0.4	0.006	0.0017
2.565	-0.3	0.0092	0.002
2.565	-0.2	0.0104	0.0021
2.565	-0.1	0.0124	0.002
2.565	0	0.0144	0.0021
2.565	0.1	0.0233	0.0028
2.565	0.2	0.037	0.0037
2.565	0.3	0.0533	0.0044
2.575	0.37	0.0718	0.0078
2.575	0.42	0.0808	0.0086
2.575	0.47	0.1193	0.0115
2.575	0.53	0.1502	0.0148
2.575	0.57	0.1783	0.0163
2.575	0.62	0.2418	0.0203
2.575	0.67	0.3131	0.0257
2.575	0.72	0.4321	0.0321
2.575	0.78	0.6336	0.0445
2.575	0.82	0.7392	0.0487
2.575	0.88	1.0839	0.0671
2.575	0.93	1.2038	0.1467
2.575	-0.79	0.0133	0.005
2.575	-0.69	0.0042	0.0019
2.575	-0.59	0.0052	0.002
2.575	-0.5	0.0058	0.0019
2.575	-0.4	0.0036	0.0014
2.575	-0.3	0.0067	0.0016
2.575	-0.2	0.0083	0.0018
2.575	-0.1	0.0116	0.002
2.575	0	0.0145	0.0021
2.575	0.1	0.0174	0.0023
2.575	0.2	0.0352	0.0037
2.575	0.3	0.0489	0.0043
2.585	0.37	0.0691	0.0074
2.585	0.42	0.0792	0.0084
2.585	0.47	0.0977	0.0105
2.585	0.53	0.1223	0.0124
2.585	0.57	0.1656	0.0147
2.585	0.62	0.2264	0.0199
2.585	0.67	0.2925	0.0244
2.585	0.72	0.3963	0.0323
2.585	0.78	0.5756	0.0406
2.585	0.82	0.6384	0.043
2.585	0.88	1.1066	0.0697
2.585	0.92	1.6329	0.1183
2.585	-0.8	0.006	0.0041
2.585	-0.7	0.0038	0.0021
2.585	-0.6	0.0031	0.0015
2.585	-0.51	0.0029	0.0015
2.585	-0.4	0.0033	0.0014
2.585	-0.3	0.0051	0.0015
2.585	-0.2	0.007	0.0017
2.585	-0.1	0.0099	0.0019
2.585	0	0.0136	0.0021
2.585	0.1	0.0189	0.0025
2.585	0.2	0.0294	0.0032
2.585	0.3	0.0559	0.0045
2.595	0.37	0.0548	0.0071
2.595	0.42	0.0739	0.009
2.595	0.47	0.0984	0.0107
2.595	0.53	0.1385	0.0139
2.595	0.57	0.1718	0.0154
2.595	0.62	0.2181	0.0186
2.595	0.67	0.276	0.0233
2.595	0.72	0.3855	0.0302
2.595	0.78	0.5456	0.0401
2.595	0.82	0.6794	0.0466
2.595	0.88	1.056	0.0648
2.595	0.93	1.5573	0.3701
2.595	-0.78	0.0033	0.0055
2.595	-0.7	0.0033	0.0021
2.595	-0.6	0.0034	0.0018
2.595	-0.5	0.0032	0.0014
2.595	-0.4	0.0024	0.0013
2.595	-0.3	0.0044	0.0015
2.595	-0.2	0.0051	0.0015
2.595	-0.1	0.0076	0.0017
2.595	0	0.0107	0.002
2.595	0.1	0.0135	0.0021
2.595	0.2	0.0289	0.0035
2.595	0.3	0.042	0.0041
2.605	0.37	0.0486	0.0052
2.605	0.42	0.0691	0.0072
2.605	0.47	0.0817	0.0076
2.605	0.53	0.1099	0.0104
2.605	0.57	0.1476	0.0126
2.605	0.62	0.2071	0.0161
2.605	0.67	0.2392	0.0196
2.605	0.72	0.3729	0.0277
2.605	0.78	0.4744	0.0343
2.605	0.82	0.638	0.0445
2.605	0.88	1.0254	0.0627
2.605	0.92	1.6355	0.1135
2.605	-0.8	0.0036	0.0025
2.605	-0.69	0.0023	0.0013
2.605	-0.6	0.002	0.0009
2.605	-0.5	0.0021	0.0008
2.605	-0.4	0.0038	0.0012
2.605	-0.3	0.0044	0.001
2.605	-0.2	0.0052	0.0011
2.605	-0.1	0.0074	0.0012
2.605	0	0.0074	0.0012
2.605	0.1	0.0165	0.0018
2.605	0.2	0.0212	0.0021
2.605	0.3	0.0347	0.0029
2.615	0.37	0.0595	0.0059
2.615	0.42	0.0818	0.0076
2.615	0.47	0.0917	0.0086
2.615	0.53	0.1227	0.0116
2.615	0.57	0.1594	0.0125
2.615	0.62	0.1959	0.0162
2.615	0.67	0.2975	0.0219
2.615	0.72	0.4208	0.03
2.615	0.78	0.5269	0.034
2.615	0.82	0.7967	0.0506
2.615	0.88	1.0934	0.0673
2.615	0.93	1.453	0.1659
2.615	-0.79	0.0087	0.0033
2.615	-0.7	0.007	0.0021
2.615	-0.6	0.0039	0.0012
2.615	-0.5	0.0037	0.0011
2.615	-0.4	0.0051	0.0013
2.615	-0.3	0.0051	0.0012
2.615	-0.2	0.0066	0.0012
2.615	-0.1	0.0073	0.0013
2.615	0	0.0093	0.0014
2.615	0.1	0.0158	0.0018
2.615	0.2	0.0285	0.0026
2.615	0.3	0.0444	0.0033
2.625	0.37	0.0527	0.0062
2.625	0.42	0.0676	0.0072
2.625	0.47	0.0907	0.0096
2.625	0.53	0.0995	0.0101
2.625	0.57	0.1502	0.0131
2.625	0.62	0.2131	0.0176
2.625	0.67	0.2946	0.0231
2.625	0.72	0.4415	0.0318
2.625	0.78	0.5435	0.037
2.625	0.82	0.7842	0.0484
2.625	0.88	1.2171	0.0783
2.625	0.93	1.4969	0.1446
2.625	-0.8	0.0079	0.0042
2.625	-0.69	0.0045	0.002
2.625	-0.59	0.0031	0.0014
2.625	-0.5	0.0064	0.0017
2.625	-0.4	0.0037	0.0013
2.625	-0.3	0.0061	0.0014
2.625	-0.2	0.0055	0.0013
2.625	-0.1	0.0076	0.0015
2.625	0	0.0077	0.0014
2.625	0.1	0.0116	0.0017
2.625	0.2	0.0212	0.0025
2.625	0.3	0.0355	0.0034
2.635	0.37	0.0544	0.0059
2.635	0.42	0.0724	0.0076
2.635	0.47	0.0681	0.0083
2.635	0.53	0.1192	0.0118
2.635	0.57	0.1655	0.0136
2.635	0.62	0.2023	0.017
2.635	0.67	0.2901	0.0238
2.635	0.72	0.41	0.0306
2.635	0.78	0.5214	0.0373
2.635	0.82	0.7149	0.0453
2.635	0.88	1.0166	0.0624
2.635	0.92	1.5867	0.1115
2.635	-0.81	0.0076	0.006
2.635	-0.7	0.0044	0.0021
2.635	-0.6	0.0054	0.0019
2.635	-0.5	0.0057	0.0017
2.635	-0.4	0.0045	0.0015
2.635	-0.3	0.0062	0.0016
2.635	-0.2	0.0058	0.0014
2.635	-0.1	0.0071	0.0014
2.635	0	0.0081	0.0015
2.635	0.1	0.0136	0.0019
2.635	0.2	0.0207	0.0025
2.635	0.3	0.0376	0.0034
2.645	0.37	0.0584	0.0067
2.645	0.42	0.0665	0.0071
2.645	0.47	0.0818	0.0093
2.645	0.53	0.1058	0.0104
2.645	0.57	0.143	0.0122
2.645	0.62	0.2061	0.0167
2.645	0.67	0.2662	0.0207
2.645	0.72	0.3516	0.0281
2.645	0.78	0.5228	0.0363
2.645	0.82	0.736	0.046
2.645	0.88	1.0505	0.0666
2.645	0.93	1.4118	0.1749
2.645	-0.8	0.0084	0.0048
2.645	-0.7	0.005	0.0019
2.645	-0.59	0.0026	0.0012
2.645	-0.5	0.0042	0.0014
2.645	-0.4	0.0048	0.0018
2.645	-0.3	0.0044	0.0013
2.645	-0.2	0.003	0.0009
2.645	-0.1	0.0039	0.001
2.645	0	0.0071	0.0013
2.645	0.1	0.0107	0.0017
2.645	0.2	0.021	0.0025
2.645	0.3	0.0346	0.0033
2.655	0.37	0.048	0.0059
2.655	0.42	0.067	0.0073
2.655	0.47	0.0768	0.0087
2.655	0.53	0.1112	0.012
2.655	0.57	0.1576	0.0137
2.655	0.62	0.2053	0.0171
2.655	0.67	0.27	0.0211
2.655	0.72	0.3737	0.0293
2.655	0.78	0.558	0.0389
2.655	0.82	0.7443	0.0482
2.655	0.88	1.0856	0.0697
2.655	0.93	1.5162	0.154
2.655	-0.8	0.0064	0.0041
2.655	-0.7	0.0048	0.0021
2.655	-0.6	0.0061	0.002
2.655	-0.5	0.0043	0.0015
2.655	-0.4	0.0028	0.0011
2.655	-0.3	0.0064	0.0016
2.655	-0.2	0.0063	0.0014
2.655	-0.1	0.005	0.0012
2.655	0	0.0093	0.0017
2.655	0.1	0.0113	0.0018
2.655	0.2	0.0176	0.0025
2.655	0.3	0.0253	0.0028
2.665	0.37	0.0492	0.0057
2.665	0.42	0.0637	0.0068
2.665	0.47	0.0709	0.0082
2.665	0.53	0.1073	0.0107
2.665	0.57	0.1422	0.0122
2.665	0.62	0.1811	0.0151
2.665	0.67	0.228	0.0198
2.665	0.72	0.3515	0.0269
2.665	0.78	0.54	0.0388
2.665	0.82	0.7153	0.046
2.665	0.88	0.9767	0.063
2.665	0.93	1.6421	0.1447
2.665	-0.79	0.0068	0.0036
2.665	-0.69	0.0052	0.0021
2.665	-0.6	0.0038	0.0016
2.665	-0.5	0.004	0.0012
2.665	-0.4	0.0036	0.0014
2.665	-0.3	0.004	0.0012
2.665	-0.2	0.0041	0.0011
2.665	-0.1	0.0055	0.0012
2.665	0	0.0059	0.0012
2.665	0.1	0.0101	0.0016
2.665	0.2	0.0175	0.0022
2.665	0.3	0.0284	0.0029
2.675	0.37	0.04	0.0055
2.675	0.42	0.0608	0.007
2.675	0.47	0.0787	0.0085
2.675	0.53	0.1095	0.0111
2.675	0.57	0.1491	0.0128
2.675	0.62	0.2031	0.0165
2.675	0.67	0.226	0.0209
2.675	0.72	0.3782	0.0291
2.675	0.78	0.5738	0.0376
2.675	0.82	0.752	0.0484
2.675	0.88	1.0858	0.0724
2.675	0.93	2.1947	0.2996
2.675	-0.79	0.0065	0.0037
2.675	-0.7	0.0067	0.0024
2.675	-0.61	0.0044	0.0018
2.675	-0.5	0.0052	0.0017
2.675	-0.4	0.0027	0.0011
2.675	-0.3	0.0032	0.0011
2.675	-0.2	0.0039	0.0011
2.675	-0.1	0.003	0.0009
2.675	0	0.0044	0.001
2.675	0.1	0.0076	0.0014
2.675	0.2	0.0144	0.0021
2.675	0.3	0.0275	0.003
2.685	0.37	0.0545	0.0067
2.685	0.42	0.0572	0.0067
2.685	0.47	0.076	0.0093
2.685	0.53	0.1056	0.0113
2.685	0.57	0.1566	0.0137
2.685	0.62	0.1702	0.0156
2.685	0.67	0.2501	0.0223
2.685	0.72	0.3584	0.0289
2.685	0.78	0.5314	0.0378
2.685	0.82	0.7806	0.0503
2.685	0.88	1.0361	0.0707
2.685	0.93	1.7274	0.1917
2.685	-0.8	0.0068	0.0038
2.685	-0.7	0.0049	0.0022
2.685	-0.6	0.0049	0.0021
2.685	-0.51	0.0037	0.0019
2.685	-0.4	0.0059	0.002
2.685	-0.3	0.0041	0.0014
2.685	-0.2	0.0028	0.001
2.685	-0.1	0.0031	0.0009
2.685	0	0.0041	0.001
2.685	0.1	0.0084	0.0016
2.685	0.2	0.0151	0.0022
2.685	0.3	0.0331	0.0033
2.695	0.37	0.041	0.0056
2.695	0.42	0.0542	0.0066
2.695	0.47	0.0578	0.0073
2.695	0.53	0.0879	0.0102
2.695	0.57	0.1569	0.014
2.695	0.62	0.2151	0.0178
2.695	0.67	0.2638	0.022
2.695	0.72	0.377	0.0308
2.695	0.78	0.5283	0.0379
2.695	0.82	0.7403	0.0508
2.695	0.88	1.1088	0.0746
2.695	0.93	1.7121	0.1773
2.695	-0.8	0.01	0.0052
2.695	-0.7	0.003	0.0016
2.695	-0.61	0.0032	0.0017
2.695	-0.5	0.0027	0.0011
2.695	-0.4	0.004	0.0015
2.695	-0.3	0.0033	0.0011
2.695	-0.2	0.0037	0.0011
2.695	-0.1	0.0025	0.0008
2.695	0	0.0035	0.001
2.695	0.1	0.006	0.0013
2.695	0.2	0.0194	0.0025
2.695	0.3	0.0293	0.0031
2.705	0.37	0.0407	0.0054
2.705	0.42	0.0519	0.0063
2.705	0.47	0.0662	0.0078
2.705	0.53	0.095	0.0106
2.705	0.57	0.1305	0.0115
2.705	0.62	0.1973	0.0165
2.705	0.67	0.2288	0.0199
2.705	0.72	0.3654	0.0292
2.705	0.78	0.5137	0.0371
2.705	0.82	0.7485	0.0505
2.705	0.88	1.0807	0.0719
2.705	0.93	1.6646	0.1425
2.705	-0.79	0.013	0.0057
2.705	-0.7	0.0023	0.0014
2.705	-0.6	0.0042	0.0019
2.705	-0.5	0.0032	0.0012
2.705	-0.4	0.0048	0.0017
2.705	-0.3	0.0028	0.0011
2.705	-0.2	0.0051	0.0013
2.705	-0.1	0.0033	0.0009
2.705	0	0.0042	0.001
2.705	0.1	0.0087	0.0015
2.705	0.2	0.017	0.0023
2.705	0.3	0.0268	0.0029
2.715	0.37	0.0436	0.0056
2.715	0.42	0.0509	0.0061
2.715	0.47	0.0662	0.0079
2.715	0.53	0.0896	0.0095
2.715	0.57	0.1195	0.0109
2.715	0.62	0.1916	0.0162
2.715	0.67	0.2675	0.0226
2.715	0.72	0.3693	0.0292
2.715	0.78	0.5388	0.0378
2.715	0.82	0.726	0.0454
2.715	0.88	1.2881	0.08
2.715	0.93	1.6579	0.1653
2.715	-0.79	0.011	0.0052
2.715	-0.7	0.0088	0.0027
2.715	-0.6	0.0071	0.0021
2.715	-0.5	0.0058	0.002
2.715	-0.4	0.0033	0.0012
2.715	-0.3	0.0031	0.0011
2.715	-0.2	0.0038	0.001
2.715	-0.1	0.0035	0.0009
2.715	0	0.0046	0.0011
2.715	0.1	0.0087	0.0015
2.715	0.2	0.0158	0.0022
2.715	0.3	0.0252	0.0027
2.725	0.37	0.0318	0.0046
2.725	0.42	0.0483	0.0058
2.725	0.47	0.0578	0.0072
2.725	0.53	0.1029	0.0108
2.725	0.57	0.1412	0.0124
2.725	0.62	0.1915	0.0155
2.725	0.67	0.214	0.019
2.725	0.72	0.3925	0.0293
2.725	0.78	0.5589	0.0376
2.725	0.82	0.7109	0.0488
2.725	0.88	1.1739	0.0762
2.725	0.93	2.1938	0.3612
2.725	-0.79	0.0015	0.002
2.725	-0.7	0.0009	0.0012
2.725	-0.6	0.0014	0.001
2.725	-0.5	0.0013	0.0008
2.725	-0.41	0.0032	0.0016
2.725	-0.3	0.0043	0.0013
2.725	-0.19	0.0027	0.0009
2.725	-0.1	0.0019	0.0007
2.725	0	0.0046	0.001
2.725	0.1	0.0081	0.0014
2.725	0.2	0.0133	0.0019
2.725	0.3	0.0268	0.0028
2.735	0.37	0.0363	0.0049
2.735	0.42	0.0394	0.0053
2.735	0.47	0.0557	0.0069
2.735	0.53	0.0833	0.0093
2.735	0.57	0.1132	0.0109
2.735	0.62	0.1583	0.0141
2.735	0.67	0.1994	0.0189
2.735	0.72	0.301	0.025
2.735	0.78	0.4216	0.0306
2.735	0.82	0.6903	0.0473
2.735	0.88	0.8134	0.0617
2.735	0.93	1.4576	0.1723
2.735	-0.79	0.011	0.0056
2.735	-0.7	0.0053	0.0022
2.735	-0.6	0.0029	0.0016
2.735	-0.5	0.0034	0.0017
2.735	-0.41	0.0011	0.0009
2.735	-0.3	0.003	0.0011
2.735	-0.2	0.0024	0.0009
2.735	-0.11	0.0026	0.0009
2.735	0	0.0023	0.0008
2.735	0.1	0.0036	0.0009
2.735	0.2	0.0117	0.0018
2.735	0.3	0.0216	0.0025
2.745	0.37	0.0293	0.0044
2.745	0.42	0.0322	0.0045
2.745	0.47	0.0396	0.0059
2.745	0.53	0.0748	0.0084
2.745	0.57	0.0898	0.009
2.745	0.62	0.1317	0.0122
2.745	0.67	0.1738	0.0165
2.745	0.72	0.2594	0.022
2.745	0.78	0.378	0.0285
2.745	0.82	0.5292	0.0372
2.745	0.88	0.7148	0.0501
2.745	0.93	1.7527	0.2467
2.745	-0.81	0.0192	0.0098
2.745	-0.69	0.0053	0.003
2.745	-0.6	0.0056	0.0018
2.745	-0.5	0.0041	0.0014
2.745	-0.4	0.0018	0.001
2.745	-0.32	0.004	0.0016
2.745	-0.2	0.0015	0.0007
2.745	-0.1	0.0019	0.0006
2.745	0	0.0021	0.0007
2.745	0.1	0.0044	0.001
2.745	0.2	0.0087	0.0015
2.745	0.3	0.0157	0.0021
2.755	0.37	0.0315	0.0044
2.755	0.42	0.0384	0.0052
2.755	0.47	0.0549	0.0068
2.755	0.53	0.0621	0.0077
2.755	0.57	0.0927	0.0096
2.755	0.62	0.1639	0.0146
2.755	0.67	0.218	0.0197
2.755	0.72	0.3569	0.028
2.755	0.78	0.4793	0.0344
2.755	0.82	0.6821	0.0467
2.755	0.88	1.0259	0.0682
2.755	0.93	1.2958	0.1258
2.755	-0.79	0.0087	0.0041
2.755	-0.7	0.0034	0.0016
2.755	-0.61	0.0039	0.0018
2.755	-0.5	0.0033	0.0012
2.755	-0.4	0.0024	0.0011
2.755	-0.3	0.0032	0.0011
2.755	-0.2	0.0027	0.0009
2.755	-0.1	0.002	0.0007
2.755	0.01	0.0029	0.0008
2.755	0.1	0.0064	0.0012
2.755	0.2	0.0117	0.0018
2.755	0.3	0.0232	0.0026
2.765	0.37	0.0323	0.0044
2.765	0.42	0.0445	0.0052
2.765	0.47	0.0534	0.0066
2.765	0.53	0.0863	0.0095
2.765	0.57	0.1096	0.0106
2.765	0.62	0.1711	0.0144
2.765	0.67	0.2124	0.0182
2.765	0.72	0.3538	0.0273
2.765	0.78	0.5505	0.0374
2.765	0.82	0.7865	0.0497
2.765	0.88	1.2998	0.0952
2.765	0.93	1.8356	0.1777
2.765	-0.8	0.0133	0.0061
2.765	-0.7	0.0067	0.0024
2.765	-0.6	0.0035	0.0016
2.765	-0.5	0.0034	0.0011
2.765	-0.41	0.0053	0.0017
2.765	-0.3	0.0023	0.001
2.765	-0.2	0.0022	0.0009
2.765	-0.1	0.0019	0.0006
2.765	0	0.0034	0.0008
2.765	0.1	0.0031	0.0008
2.765	0.2	0.0094	0.0016
2.765	0.3	0.0206	0.0023
2.775	0.37	0.0231	0.0039
2.775	0.42	0.045	0.0055
2.775	0.47	0.0504	0.0064
2.775	0.53	0.0662	0.0077
2.775	0.57	0.1172	0.0109
2.775	0.62	0.1522	0.0133
2.775	0.67	0.1974	0.0178
2.775	0.72	0.3088	0.0244
2.775	0.78	0.4709	0.0344
2.775	0.82	0.6637	0.0462
2.775	0.88	1.0384	0.076
2.775	0.93	1.1682	0.1113
2.775	-0.79	0.0066	0.0029
2.775	-0.7	0.0057	0.0023
2.775	-0.6	0.0024	0.0011
2.775	-0.5	0.0027	0.0012
2.775	-0.4	0.0026	0.0011
2.775	-0.3	0.0023	0.0009
2.775	-0.2	0.0014	0.0006
2.775	-0.1	0.0016	0.0006
2.775	0	0.0027	0.0007
2.775	0.1	0.004	0.0009
2.775	0.2	0.0075	0.0014
2.775	0.3	0.0156	0.0021
2.785	0.37	0.0282	0.0044
2.785	0.42	0.0289	0.0044
2.785	0.47	0.049	0.0063
2.785	0.53	0.0635	0.0076
2.785	0.57	0.1137	0.0113
2.785	0.62	0.1519	0.0139
2.785	0.67	0.1947	0.0175
2.785	0.72	0.3374	0.0251
2.785	0.78	0.461	0.0316
2.785	0.82	0.7112	0.0471
2.785	0.88	1.0233	0.0703
2.785	0.93	2.0528	0.2512
2.785	-0.8	0.0043	0.0029
2.785	-0.7	0.0041	0.0017
2.785	-0.59	0.0022	0.0014
2.785	-0.51	0.0035	0.0017
2.785	-0.4	0.0025	0.0012
2.785	-0.3	0.0025	0.0011
2.785	-0.2	0.0026	0.0009
2.785	-0.1	0.0013	0.0005
2.785	0	0.002	0.0007
2.785	0.1	0.004	0.0009
2.785	0.2	0.0073	0.0015
2.785	0.3	0.0168	0.0022
2.795	0.37	0.0292	0.0046
2.795	0.42	0.0403	0.0057
2.795	0.47	0.0526	0.0068
2.795	0.53	0.0649	0.0084
2.795	0.57	0.1072	0.011
2.795	0.62	0.1423	0.0133
2.795	0.67	0.2339	0.0204
2.795	0.72	0.3026	0.026
2.795	0.78	0.4808	0.0489
2.795	0.82	0.7707	0.0562
2.795	0.88	0.9662	0.0704
2.795	0.93	1.3299	0.1241
2.795	-0.78	0.0028	0.007
2.795	-0.7	0.0053	0.0023
2.795	-0.6	0.0029	0.0014
2.795	-0.53	0.0042	0.002
2.795	-0.4	0.0024	0.0013
2.795	-0.3	0.0031	0.0013
2.795	-0.2	0.0013	0.0007
2.795	-0.1	0.0013	0.0006
2.795	0	0.0018	0.0006
2.795	0.1	0.0039	0.001
2.795	0.2	0.01	0.0016
2.795	0.3	0.0172	0.0023
2.805	0.37	0.0267	0.0041
2.805	0.42	0.0359	0.0048
2.805	0.47	0.054	0.0067
2.805	0.53	0.0694	0.008
2.805	0.57	0.104	0.0102
2.805	0.62	0.1404	0.0135
2.805	0.67	0.2129	0.0188
2.805	0.72	0.3721	0.0286
2.805	0.78	0.4941	0.0345
2.805	0.82	0.7825	0.0505
2.805	0.88	1.0201	0.0728
2.805	0.93	1.5321	0.1444
2.805	-0.79	0.0028	0.0025
2.805	-0.7	0.0021	0.0013
2.805	-0.6	0.0023	0.0015
2.805	-0.51	0.0023	0.0012
2.805	-0.4	0.0012	0.0009
2.805	-0.29	0.0013	0.0008
2.805	-0.2	0.0015	0.0008
2.805	-0.1	0.0024	0.0007
2.805	0	0.0018	0.0006
2.805	0.1	0.0028	0.0008
2.805	0.2	0.0096	0.0016
2.805	0.3	0.0191	0.0023
2.815	0.37	0.021	0.0037
2.815	0.42	0.0371	0.0051
2.815	0.47	0.0406	0.0056
2.815	0.53	0.068	0.0082
2.815	0.57	0.1092	0.0109
2.815	0.62	0.151	0.013
2.815	0.67	0.2393	0.0201
2.815	0.72	0.2991	0.0244
2.815	0.78	0.4606	0.0473
2.815	0.82	0.7416	0.0515
2.815	0.88	1.1188	0.0827
2.815	0.93	1.7855	0.2112
2.815	-0.8	0.0005	0.0011
2.815	-0.7	0.0024	0.0019
2.815	-0.6	0.0012	0.001
2.815	-0.49	0.0017	0.0012
2.815	-0.42	0.0007	0.0009
2.815	-0.31	0.001	0.0008
2.815	-0.21	0.0024	0.0009
2.815	-0.11	0.0008	0.0006
2.815	0	0.0019	0.0007
2.815	0.1	0.0045	0.0011
2.815	0.2	0.0073	0.0014
2.815	0.3	0.0135	0.0019
2.825	0.37	0.0277	0.0042
2.825	0.42	0.034	0.0045
2.825	0.47	0.0476	0.006
2.825	0.53	0.0743	0.0086
2.825	0.57	0.0891	0.0087
2.825	0.62	0.1554	0.0144
2.825	0.67	0.2208	0.0191
2.825	0.72	0.3339	0.0258
2.825	0.78	0.4768	0.0346
2.825	0.82	0.7237	0.0492
2.825	0.88	1.1825	0.0762
2.825	0.93	1.8436	0.2506
2.825	-0.79	0.0048	0.0041
2.825	-0.7	0.0027	0.0014
2.825	-0.6	0.0015	0.0009
2.825	-0.51	0.0022	0.0011
2.825	-0.4	0.0022	0.001
2.825	-0.29	0.0028	0.0012
2.825	-0.2	0.0011	0.0006
2.825	-0.1	0.0009	0.0005
2.825	0	0.0013	0.0005
2.825	0.1	0.0036	0.0009
2.825	0.2	0.0087	0.0015
2.825	0.3	0.0125	0.0018
2.835	0.37	0.0188	0.0035
2.835	0.42	0.0273	0.0045
2.835	0.47	0.0383	0.0057
2.835	0.53	0.0628	0.0077
2.835	0.57	0.0992	0.0099
2.835	0.62	0.1415	0.013
2.835	0.67	0.1763	0.0163
2.835	0.72	0.281	0.0233
2.835	0.78	0.4009	0.0302
2.835	0.82	0.7274	0.0543
2.835	0.88	0.9399	0.0707
2.835	0.93	1.2092	0.1339
2.835	-0.78	0.0055	0.0037
2.835	-0.7	0.0072	0.0027
2.835	-0.61	0.0022	0.0018
2.835	-0.48	0.0018	0.0013
2.835	-0.4	0.0012	0.0009
2.835	-0.29	0.0024	0.0013
2.835	-0.2	0.0015	0.0008
2.835	-0.11	0.0006	0.0004
2.835	0	0.0013	0.0006
2.835	0.1	0.0039	0.0009
2.835	0.2	0.0063	0.0013
2.835	0.3	0.0127	0.0019
