CLAS physics database search results
Measurement E63M2

Curtis A. Meyer
0

W	cos(theta)	dsigma/dcos(theta)	Data errors
GeV	dimensionless	mcb	mcb
1.985	0.37	0.0635	0.0114
1.985	0.42	0.0781	0.0122
1.985	0.47	0.0812	0.0138
1.985	0.53	0.0943	0.0142
1.985	0.57	0.0765	0.0128
1.985	0.62	0.0819	0.0134
1.985	0.67	0.1159	0.018
1.985	0.72	0.0991	0.0201
1.985	0.78	0.0662	0.0235
1.985	0.82	0.0852	0.0547
1.985	-0.4	0.0885	0.0263
1.985	-0.3	0.0872	0.0165
1.985	-0.2	0.0541	0.0103
1.985	-0.1	0.0687	0.01
1.985	0	0.0575	0.0083
1.985	0.1	0.088	0.0109
1.985	0.2	0.063	0.0082
1.985	0.3	0.08	0.0092
1.995	0.37	0.081	0.0115
1.995	0.42	0.0947	0.012
1.995	0.47	0.1064	0.0133
1.995	0.53	0.11	0.0135
1.995	0.57	0.1194	0.0141
1.995	0.62	0.1149	0.0137
1.995	0.67	0.1065	0.0129
1.995	0.72	0.1138	0.0144
1.995	0.78	0.1227	0.0162
1.995	0.82	0.1184	0.0198
1.995	0.87	0.1532	0.0546
1.995	-0.5	0.0478	0.0178
1.995	-0.4	0.0551	0.0112
1.995	-0.3	0.0622	0.0098
1.995	-0.2	0.0533	0.0078
1.995	-0.1	0.0619	0.0095
1.995	0	0.0822	0.009
1.995	0.1	0.0705	0.008
1.995	0.2	0.0905	0.0093
1.995	0.3	0.0948	0.0089
2.005	0.37	0.0724	0.0096
2.005	0.42	0.0909	0.0104
2.005	0.47	0.0953	0.0107
2.005	0.53	0.0942	0.011
2.005	0.57	0.0994	0.0112
2.005	0.62	0.1063	0.0118
2.005	0.67	0.132	0.0136
2.005	0.72	0.1341	0.014
2.005	0.78	0.1514	0.0165
2.005	0.82	0.1727	0.0184
2.005	0.88	0.2026	0.0271
2.005	-0.6	0.0381	0.0143
2.005	-0.5	0.0374	0.007
2.005	-0.4	0.049	0.0075
2.005	-0.3	0.0465	0.0064
2.005	-0.2	0.0533	0.0068
2.005	-0.1	0.0512	0.0064
2.005	0	0.0691	0.0073
2.005	0.1	0.0573	0.0062
2.005	0.2	0.0713	0.007
2.005	0.3	0.0739	0.0067
2.015	0.37	0.0798	0.0112
2.015	0.42	0.0981	0.0117
2.015	0.47	0.106	0.0118
2.015	0.53	0.1019	0.0117
2.015	0.57	0.0992	0.0115
2.015	0.62	0.1214	0.013
2.015	0.67	0.1385	0.0139
2.015	0.72	0.1558	0.016
2.015	0.78	0.1496	0.0154
2.015	0.82	0.1855	0.0179
2.015	0.88	0.2026	0.0208
2.015	0.92	0.1971	0.0662
2.015	-0.67	0.0316	0.028
2.015	-0.6	0.0392	0.0088
2.015	-0.5	0.0473	0.0084
2.015	-0.4	0.051	0.008
2.015	-0.3	0.0553	0.0077
2.015	-0.2	0.0505	0.0069
2.015	-0.1	0.0561	0.007
2.015	0	0.0574	0.0068
2.015	0.1	0.0631	0.0067
2.015	0.2	0.0814	0.0074
2.015	0.3	0.0811	0.0074
2.025	0.37	0.0798	0.0103
2.025	0.42	0.0772	0.0102
2.025	0.47	0.094	0.0107
2.025	0.53	0.0982	0.0107
2.025	0.57	0.1018	0.0112
2.025	0.62	0.1245	0.0125
2.025	0.67	0.1324	0.0132
2.025	0.72	0.137	0.0147
2.025	0.78	0.1696	0.0164
2.025	0.82	0.1598	0.0163
2.025	0.88	0.1905	0.02
2.025	-0.68	0.0654	0.0331
2.025	-0.6	0.0455	0.0091
2.025	-0.5	0.0338	0.007
2.025	-0.4	0.0462	0.0078
2.025	-0.3	0.0416	0.0066
2.025	-0.2	0.0515	0.0075
2.025	-0.1	0.0485	0.0065
2.025	0	0.0553	0.0069
2.025	0.1	0.0516	0.0063
2.025	0.2	0.0597	0.0068
2.025	0.3	0.0698	0.0068
2.035	0.37	0.0881	0.0111
2.035	0.42	0.0874	0.0112
2.035	0.47	0.1139	0.0125
2.035	0.53	0.1069	0.0119
2.035	0.57	0.1178	0.0129
2.035	0.62	0.1235	0.0131
2.035	0.67	0.1249	0.0129
2.035	0.72	0.1513	0.0146
2.035	0.78	0.1936	0.018
2.035	0.82	0.2521	0.0223
2.035	0.88	0.2197	0.022
2.035	0.93	0.2723	0.0309
2.035	-0.69	0.0347	0.015
2.035	-0.6	0.0564	0.0106
2.035	-0.5	0.0477	0.0086
2.035	-0.4	0.0545	0.008
2.035	-0.3	0.0575	0.0081
2.035	-0.2	0.0577	0.0084
2.035	-0.1	0.0438	0.0068
2.035	0	0.0551	0.0073
2.035	0.1	0.0643	0.008
2.035	0.2	0.076	0.008
2.035	0.3	0.0773	0.008
2.045	0.37	0.0859	0.012
2.045	0.42	0.0888	0.0114
2.045	0.47	0.0934	0.0114
2.045	0.53	0.1209	0.0143
2.045	0.57	0.1286	0.0142
2.045	0.62	0.1351	0.0154
2.045	0.67	0.1638	0.0168
2.045	0.72	0.1963	0.0195
2.045	0.78	0.2089	0.0214
2.045	0.82	0.2192	0.0229
2.045	0.88	0.2791	0.0301
2.045	0.93	0.2872	0.0327
2.045	-0.7	0.0677	0.0173
2.045	-0.6	0.0461	0.0099
2.045	-0.5	0.0575	0.0102
2.045	-0.4	0.0508	0.0084
2.045	-0.3	0.062	0.0093
2.045	-0.2	0.0573	0.0088
2.045	-0.1	0.0582	0.0086
2.045	0	0.0542	0.0078
2.045	0.1	0.0512	0.0079
2.045	0.2	0.0627	0.0077
2.045	0.3	0.0713	0.0077
2.055	0.37	0.1067	0.0121
2.055	0.42	0.1051	0.0119
2.055	0.47	0.1174	0.0127
2.055	0.53	0.1231	0.0133
2.055	0.57	0.1319	0.0139
2.055	0.62	0.1403	0.0147
2.055	0.67	0.179	0.0182
2.055	0.72	0.2074	0.0201
2.055	0.78	0.2496	0.0242
2.055	0.82	0.2147	0.0238
2.055	0.88	0.3385	0.0316
2.055	0.93	0.2954	0.0337
2.055	-0.6	0.0566	0.0105
2.055	-0.5	0.0636	0.01
2.055	-0.4	0.0642	0.0091
2.055	-0.3	0.0593	0.0088
2.055	-0.2	0.0528	0.008
2.055	-0.1	0.0662	0.0089
2.055	0	0.057	0.0073
2.055	0.1	0.0672	0.0077
2.055	0.2	0.0764	0.0076
2.055	0.3	0.0928	0.0082
2.065	0.37	0.1086	0.0127
2.065	0.42	0.1302	0.0145
2.065	0.47	0.14	0.0149
2.065	0.53	0.1431	0.015
2.065	0.57	0.1536	0.0158
2.065	0.62	0.1492	0.0159
2.065	0.67	0.1733	0.0179
2.065	0.72	0.2099	0.0214
2.065	0.78	0.2367	0.0229
2.065	0.82	0.2715	0.0264
2.065	0.88	0.313	0.0295
2.065	0.93	0.3404	0.0375
2.065	-0.76	0.0323	0.0257
2.065	-0.7	0.0533	0.0116
2.065	-0.6	0.0484	0.0099
2.065	-0.5	0.0487	0.009
2.065	-0.4	0.0552	0.0086
2.065	-0.3	0.0536	0.0079
2.065	-0.2	0.053	0.0076
2.065	-0.1	0.0665	0.0086
2.065	0	0.0659	0.0083
2.065	0.1	0.0725	0.0081
2.065	0.2	0.0784	0.0079
2.065	0.3	0.0905	0.0081
2.075	0.37	0.1066	0.012
2.075	0.42	0.1251	0.013
2.075	0.47	0.1287	0.0136
2.075	0.53	0.138	0.0197
2.075	0.57	0.1689	0.017
2.075	0.62	0.1824	0.0177
2.075	0.67	0.2136	0.0195
2.075	0.72	0.2525	0.0226
2.075	0.78	0.2796	0.0237
2.075	0.82	0.3172	0.0273
2.075	0.88	0.3402	0.0293
2.075	0.93	0.4352	0.0408
2.075	-0.77	0.039	0.0219
2.075	-0.7	0.0591	0.0133
2.075	-0.6	0.0569	0.0102
2.075	-0.5	0.0518	0.0092
2.075	-0.4	0.0514	0.0084
2.075	-0.3	0.059	0.0083
2.075	-0.2	0.0531	0.0078
2.075	-0.1	0.0524	0.0072
2.075	0	0.0633	0.0076
2.075	0.1	0.0699	0.0078
2.075	0.2	0.0836	0.0083
2.075	0.3	0.0954	0.0085
2.085	0.37	0.1275	0.0142
2.085	0.42	0.1467	0.0153
2.085	0.47	0.1565	0.0166
2.085	0.53	0.1674	0.0166
2.085	0.57	0.2021	0.0192
2.085	0.62	0.2246	0.0214
2.085	0.67	0.2454	0.0215
2.085	0.72	0.2717	0.0226
2.085	0.78	0.3099	0.0251
2.085	0.82	0.3592	0.0288
2.085	0.88	0.3641	0.0327
2.085	0.93	0.5715	0.0504
2.085	-0.77	0.0251	0.0166
2.085	-0.7	0.0625	0.0113
2.085	-0.6	0.0678	0.011
2.085	-0.5	0.056	0.0096
2.085	-0.4	0.0673	0.0098
2.085	-0.3	0.0607	0.0087
2.085	-0.2	0.0549	0.0082
2.085	-0.1	0.0692	0.0093
2.085	0	0.0733	0.0093
2.085	0.1	0.0835	0.0088
2.085	0.2	0.086	0.0083
2.085	0.3	0.1122	0.0097
2.095	0.37	0.1106	0.0131
2.095	0.42	0.1453	0.0149
2.095	0.47	0.153	0.0153
2.095	0.53	0.1837	0.0167
2.095	0.57	0.1883	0.0167
2.095	0.62	0.2491	0.0209
2.095	0.67	0.2904	0.0224
2.095	0.72	0.3178	0.0238
2.095	0.78	0.3531	0.0266
2.095	0.82	0.4283	0.0324
2.095	0.88	0.4165	0.0333
2.095	0.93	0.5926	0.0518
2.095	-0.78	0.0493	0.0464
2.095	-0.7	0.0357	0.0079
2.095	-0.6	0.0495	0.0092
2.095	-0.5	0.0764	0.0116
2.095	-0.4	0.0696	0.0097
2.095	-0.3	0.0723	0.0092
2.095	-0.2	0.0621	0.008
2.095	-0.1	0.0686	0.0082
2.095	0	0.075	0.0083
2.095	0.1	0.0826	0.0085
2.095	0.2	0.0795	0.0079
2.095	0.3	0.1058	0.009
2.105	0.37	0.1202	0.0132
2.105	0.42	0.116	0.0127
2.105	0.47	0.1431	0.0151
2.105	0.53	0.1737	0.0166
2.105	0.57	0.2061	0.0181
2.105	0.62	0.2483	0.019
2.105	0.67	0.2594	0.02
2.105	0.72	0.3137	0.0241
2.105	0.78	0.3543	0.0268
2.105	0.82	0.3725	0.0302
2.105	0.88	0.4832	0.0398
2.105	0.93	0.6419	0.0556
2.105	-0.78	0.0617	0.0183
2.105	-0.7	0.0516	0.0091
2.105	-0.6	0.0665	0.0097
2.105	-0.5	0.0634	0.009
2.105	-0.4	0.0679	0.0088
2.105	-0.3	0.0589	0.0079
2.105	-0.2	0.0569	0.0076
2.105	-0.1	0.0635	0.008
2.105	0	0.0666	0.0081
2.105	0.1	0.0713	0.0078
2.105	0.2	0.0817	0.0078
2.105	0.3	0.1014	0.0086
2.115	0.37	0.1263	0.014
2.115	0.42	0.1265	0.0137
2.115	0.47	0.1628	0.0166
2.115	0.53	0.1755	0.0169
2.115	0.57	0.2204	0.019
2.115	0.62	0.2373	0.0197
2.115	0.67	0.2529	0.0207
2.115	0.72	0.3128	0.0252
2.115	0.78	0.3535	0.0286
2.115	0.82	0.4156	0.0327
2.115	0.88	0.4983	0.039
2.115	0.93	0.701	0.061
2.115	-0.78	0.0571	0.0203
2.115	-0.7	0.0668	0.0105
2.115	-0.6	0.0646	0.0101
2.115	-0.5	0.0628	0.0104
2.115	-0.4	0.0582	0.0097
2.115	-0.3	0.0726	0.0089
2.115	-0.2	0.0618	0.008
2.115	-0.1	0.0684	0.0086
2.115	0	0.0593	0.0078
2.115	0.1	0.0662	0.0086
2.115	0.2	0.0831	0.0084
2.115	0.3	0.1077	0.0094
2.125	0.37	0.1084	0.0121
2.125	0.42	0.1399	0.0145
2.125	0.47	0.1655	0.0158
2.125	0.53	0.189	0.0164
2.125	0.57	0.2359	0.0187
2.125	0.62	0.2112	0.0178
2.125	0.67	0.3073	0.0239
2.125	0.72	0.3231	0.0238
2.125	0.78	0.3533	0.0273
2.125	0.82	0.4817	0.0348
2.125	0.88	0.5215	0.0382
2.125	0.93	0.7199	0.0571
2.125	-0.78	0.0405	0.0126
2.125	-0.7	0.0354	0.0074
2.125	-0.6	0.0665	0.0094
2.125	-0.5	0.0499	0.008
2.125	-0.4	0.0545	0.0078
2.125	-0.3	0.0523	0.007
2.125	-0.2	0.0556	0.0068
2.125	-0.1	0.0687	0.0074
2.125	0	0.0655	0.0073
2.125	0.1	0.0667	0.007
2.125	0.2	0.0805	0.0077
2.125	0.3	0.098	0.0083
2.135	0.37	0.136	0.0138
2.135	0.42	0.1419	0.0137
2.135	0.47	0.1557	0.0143
2.135	0.53	0.1648	0.0142
2.135	0.57	0.2079	0.0166
2.135	0.62	0.2258	0.0181
2.135	0.67	0.2555	0.0203
2.135	0.72	0.3249	0.0249
2.135	0.78	0.3691	0.0277
2.135	0.82	0.3999	0.0308
2.135	0.88	0.5452	0.0397
2.135	-0.78	0.0355	0.0117
2.135	-0.7	0.0418	0.0081
2.135	-0.6	0.0529	0.0087
2.135	-0.5	0.055	0.0082
2.135	-0.4	0.067	0.0087
2.135	-0.3	0.0634	0.0076
2.135	-0.2	0.0505	0.0065
2.135	-0.1	0.0679	0.0072
2.135	0	0.0729	0.0077
2.135	0.1	0.0747	0.0074
2.135	0.2	0.0858	0.0074
2.135	0.3	0.1145	0.0084
2.145	0.37	0.1084	0.0124
2.145	0.42	0.1473	0.0149
2.145	0.47	0.1611	0.0149
2.145	0.53	0.1664	0.0157
2.145	0.57	0.2126	0.0181
2.145	0.62	0.2834	0.0223
2.145	0.67	0.3072	0.0226
2.145	0.72	0.3522	0.0263
2.145	0.78	0.4289	0.0297
2.145	0.82	0.5697	0.0404
2.145	0.88	0.5769	0.0428
2.145	0.93	0.8563	0.0765
2.145	-0.79	0.0414	0.0124
2.145	-0.7	0.05	0.0089
2.145	-0.6	0.0346	0.0067
2.145	-0.5	0.0482	0.008
2.145	-0.4	0.0583	0.0084
2.145	-0.3	0.0556	0.0079
2.145	-0.2	0.064	0.0078
2.145	-0.1	0.0573	0.0072
2.145	0	0.0594	0.0067
2.145	0.1	0.069	0.0071
2.145	0.2	0.082	0.0072
2.145	0.3	0.102	0.0082
2.155	0.37	0.1362	0.0133
2.155	0.42	0.1568	0.015
2.155	0.47	0.2037	0.0166
2.155	0.53	0.2025	0.0165
2.155	0.57	0.2132	0.0179
2.155	0.62	0.2738	0.0219
2.155	0.67	0.3182	0.0243
2.155	0.72	0.3452	0.0251
2.155	0.78	0.4117	0.0276
2.155	0.82	0.5594	0.0361
2.155	0.88	0.8218	0.0533
2.155	0.93	0.8919	0.0845
2.155	-0.79	0.0283	0.0172
2.155	-0.7	0.0363	0.0072
2.155	-0.6	0.0485	0.0077
2.155	-0.5	0.0633	0.0087
2.155	-0.4	0.0743	0.0089
2.155	-0.3	0.0539	0.0072
2.155	-0.2	0.0525	0.0068
2.155	-0.1	0.0559	0.0067
2.155	0	0.0621	0.0069
2.155	0.1	0.0677	0.0067
2.155	0.2	0.0831	0.0073
2.155	0.3	0.1023	0.0081
2.165	0.37	0.1304	0.0134
2.165	0.42	0.1431	0.0129
2.165	0.47	0.1499	0.0136
2.165	0.53	0.199	0.0157
2.165	0.57	0.244	0.0176
2.165	0.62	0.2457	0.029
2.165	0.67	0.2991	0.0199
2.165	0.72	0.3736	0.0248
2.165	0.78	0.4271	0.0269
2.165	0.82	0.5267	0.0339
2.165	0.88	0.7104	0.0462
2.165	-0.79	0.0234	0.008
2.165	-0.7	0.0303	0.0067
2.165	-0.6	0.042	0.0074
2.165	-0.5	0.0429	0.007
2.165	-0.4	0.0408	0.0061
2.165	-0.3	0.053	0.0067
2.165	-0.2	0.0613	0.007
2.165	-0.1	0.0708	0.0073
2.165	0	0.0662	0.0065
2.165	0.1	0.0739	0.0065
2.165	0.2	0.0797	0.0063
2.165	0.3	0.1037	0.0075
2.175	0.37	0.11	0.0107
2.175	0.42	0.1205	0.0109
2.175	0.47	0.1553	0.0124
2.175	0.53	0.189	0.015
2.175	0.57	0.2083	0.0159
2.175	0.62	0.2393	0.0167
2.175	0.67	0.2854	0.02
2.175	0.72	0.32	0.0207
2.175	0.78	0.4265	0.0267
2.175	0.82	0.5285	0.0354
2.175	0.88	0.7227	0.0473
2.175	-0.79	0.0364	0.0096
2.175	-0.7	0.0366	0.007
2.175	-0.6	0.0404	0.0066
2.175	-0.5	0.0482	0.0068
2.175	-0.4	0.041	0.0057
2.175	-0.3	0.0533	0.0065
2.175	-0.2	0.0564	0.0063
2.175	-0.1	0.0593	0.0061
2.175	0	0.0516	0.0053
2.175	0.1	0.0627	0.0056
2.175	0.2	0.0842	0.0064
2.175	0.3	0.0897	0.0066
2.185	0.37	0.1336	0.0117
2.185	0.42	0.1423	0.0121
2.185	0.47	0.1449	0.0122
2.185	0.53	0.1972	0.0142
2.185	0.57	0.2143	0.0158
2.185	0.62	0.2889	0.0194
2.185	0.67	0.3154	0.0206
2.185	0.72	0.4061	0.0247
2.185	0.78	0.4251	0.0287
2.185	0.82	0.5497	0.0375
2.185	0.88	0.6875	0.0509
2.185	0.93	1.0472	0.1739
2.185	-0.79	0.0232	0.0082
2.185	-0.7	0.0323	0.0065
2.185	-0.6	0.0352	0.0063
2.185	-0.5	0.0485	0.0068
2.185	-0.4	0.0487	0.0064
2.185	-0.3	0.0582	0.0064
2.185	-0.2	0.055	0.0061
2.185	-0.1	0.0547	0.0057
2.185	0	0.0625	0.0058
2.185	0.1	0.0644	0.0056
2.185	0.2	0.0774	0.0058
2.185	0.3	0.1063	0.007
2.195	0.37	0.1344	0.0125
2.195	0.42	0.1493	0.013
2.195	0.47	0.1807	0.0155
2.195	0.53	0.2144	0.0173
2.195	0.57	0.2561	0.0187
2.195	0.62	0.3035	0.0215
2.195	0.67	0.3785	0.026
2.195	0.72	0.3974	0.0261
2.195	0.78	0.471	0.0322
2.195	0.82	0.5835	0.0425
2.195	0.88	0.7165	0.0556
2.195	0.93	0.9644	0.1457
2.195	-0.8	0.0187	0.013
2.195	-0.7	0.0369	0.0083
2.195	-0.6	0.039	0.0073
2.195	-0.5	0.0456	0.0074
2.195	-0.4	0.0484	0.0068
2.195	-0.3	0.0561	0.0067
2.195	-0.2	0.045	0.0058
2.195	-0.1	0.0537	0.006
2.195	0	0.056	0.0058
2.195	0.1	0.0661	0.0061
2.195	0.2	0.0904	0.0067
2.195	0.3	0.1091	0.0079
2.205	0.37	0.1586	0.0131
2.205	0.42	0.1816	0.0139
2.205	0.47	0.1921	0.0157
2.205	0.53	0.2216	0.0173
2.205	0.57	0.2738	0.0205
2.205	0.62	0.309	0.022
2.205	0.67	0.3525	0.0242
2.205	0.72	0.4324	0.0304
2.205	0.78	0.5058	0.0364
2.205	0.82	0.6148	0.0463
2.205	0.88	0.6983	0.0593
2.205	0.93	1.0079	0.1464
2.205	-0.79	0.0341	0.0113
2.205	-0.7	0.0336	0.0073
2.205	-0.6	0.0466	0.0071
2.205	-0.5	0.0407	0.0066
2.205	-0.4	0.0499	0.007
2.205	-0.3	0.0611	0.0072
2.205	-0.2	0.0546	0.0064
2.205	-0.1	0.0599	0.0063
2.205	0	0.0616	0.0062
2.205	0.1	0.0762	0.0064
2.205	0.2	0.0901	0.0067
2.205	0.3	0.1219	0.0082
2.215	0.37	0.1211	0.0102
2.215	0.42	0.1537	0.0118
2.215	0.47	0.1841	0.0142
2.215	0.53	0.2176	0.0148
2.215	0.57	0.2486	0.0163
2.215	0.62	0.2886	0.0187
2.215	0.67	0.3444	0.0252
2.215	0.72	0.4424	0.0295
2.215	0.78	0.5116	0.0355
2.215	0.82	0.6161	0.0453
2.215	0.88	0.7987	0.0639
2.215	0.92	1.0739	0.1114
2.215	-0.79	0.0202	0.0065
2.215	-0.7	0.0338	0.0063
2.215	-0.6	0.0278	0.0052
2.215	-0.5	0.0372	0.0058
2.215	-0.4	0.0468	0.0059
2.215	-0.3	0.0406	0.0051
2.215	-0.2	0.043	0.005
2.215	-0.1	0.0502	0.0052
2.215	0	0.052	0.0048
2.215	0.1	0.0651	0.0051
2.215	0.2	0.0776	0.0056
2.215	0.3	0.103	0.0066
2.225	0.37	0.1271	0.0103
2.225	0.42	0.1378	0.0117
2.225	0.47	0.1866	0.0138
2.225	0.53	0.2156	0.0151
2.225	0.57	0.2683	0.0182
2.225	0.62	0.2687	0.0181
2.225	0.67	0.3094	0.0213
2.225	0.72	0.3789	0.0275
2.225	0.78	0.4709	0.0342
2.225	0.82	0.5594	0.0448
2.225	0.88	0.7191	0.0538
2.225	0.93	1.6558	0.4824
2.225	-0.8	0.0446	0.0121
2.225	-0.7	0.0373	0.0068
2.225	-0.6	0.0357	0.0057
2.225	-0.5	0.0371	0.0058
2.225	-0.4	0.0344	0.0051
2.225	-0.3	0.0485	0.0056
2.225	-0.2	0.0489	0.0053
2.225	-0.1	0.0518	0.005
2.225	0	0.0505	0.0047
2.225	0.1	0.063	0.005
2.225	0.2	0.0763	0.0056
2.225	0.3	0.11	0.0069
2.235	0.37	0.136	0.0106
2.235	0.42	0.1494	0.012
2.235	0.47	0.1747	0.0132
2.235	0.53	0.2175	0.0151
2.235	0.57	0.2551	0.0164
2.235	0.62	0.2823	0.0189
2.235	0.67	0.3936	0.0258
2.235	0.72	0.4099	0.029
2.235	0.78	0.4782	0.0354
2.235	0.82	0.5751	0.0408
2.235	0.88	0.7665	0.0536
2.235	0.93	0.8788	0.2556
2.235	-0.8	0.0201	0.0069
2.235	-0.7	0.037	0.0067
2.235	-0.6	0.0392	0.006
2.235	-0.5	0.0373	0.0056
2.235	-0.4	0.048	0.0059
2.235	-0.3	0.043	0.0052
2.235	-0.2	0.05	0.0053
2.235	-0.1	0.0463	0.0047
2.235	0	0.0512	0.0048
2.235	0.1	0.0611	0.005
2.235	0.2	0.0849	0.0059
2.235	0.3	0.1049	0.0065
2.245	0.37	0.1285	0.0114
2.245	0.42	0.1552	0.0126
2.245	0.47	0.177	0.0133
2.245	0.53	0.2373	0.0168
2.245	0.57	0.2402	0.0165
2.245	0.62	0.3105	0.0215
2.245	0.67	0.3361	0.0238
2.245	0.72	0.4095	0.0309
2.245	0.78	0.4653	0.0356
2.245	0.82	0.5587	0.0399
2.245	0.88	0.7958	0.0517
2.245	0.93	0.7958	0.2147
2.245	-0.8	0.0219	0.0069
2.245	-0.7	0.0251	0.0056
2.245	-0.6	0.0441	0.0066
2.245	-0.5	0.0435	0.0063
2.245	-0.4	0.0405	0.0056
2.245	-0.3	0.039	0.0051
2.245	-0.2	0.0482	0.0057
2.245	-0.1	0.0463	0.0048
2.245	0	0.0573	0.0053
2.245	0.1	0.0677	0.0054
2.245	0.2	0.0829	0.0059
2.245	0.3	0.1153	0.0071
2.255	0.37	0.1498	0.0115
2.255	0.42	0.1843	0.0132
2.255	0.47	0.2087	0.0144
2.255	0.53	0.2198	0.015
2.255	0.57	0.2752	0.0186
2.255	0.62	0.3136	0.022
2.255	0.67	0.3549	0.0264
2.255	0.72	0.4349	0.0334
2.255	0.78	0.513	0.0366
2.255	0.82	0.568	0.0412
2.255	0.88	0.7854	0.0545
2.255	0.92	0.8673	0.1185
2.255	-0.8	0.0395	0.0094
2.255	-0.7	0.049	0.0076
2.255	-0.6	0.054	0.0068
2.255	-0.5	0.049	0.0063
2.255	-0.4	0.056	0.0065
2.255	-0.3	0.0527	0.0055
2.255	-0.2	0.0539	0.0056
2.255	-0.1	0.0531	0.0049
2.255	0	0.0597	0.0051
2.255	0.1	0.0656	0.0051
2.255	0.2	0.0897	0.0061
2.255	0.3	0.1239	0.0073
2.265	0.37	0.1517	0.012
2.265	0.42	0.1686	0.0131
2.265	0.47	0.1873	0.0143
2.265	0.53	0.2223	0.0162
2.265	0.57	0.2731	0.0194
2.265	0.62	0.3298	0.0231
2.265	0.67	0.4318	0.0297
2.265	0.72	0.4111	0.0304
2.265	0.78	0.5147	0.035
2.265	0.82	0.5557	0.0394
2.265	0.88	0.728	0.0516
2.265	0.93	0.6331	0.1333
2.265	-0.8	0.0292	0.0074
2.265	-0.7	0.0382	0.0065
2.265	-0.6	0.0473	0.0066
2.265	-0.5	0.0468	0.0062
2.265	-0.4	0.046	0.0058
2.265	-0.3	0.0456	0.0051
2.265	-0.2	0.0521	0.0055
2.265	-0.1	0.0492	0.0053
2.265	0	0.0485	0.0045
2.265	0.1	0.072	0.0056
2.265	0.2	0.082	0.0058
2.265	0.3	0.1176	0.0072
2.275	0.37	0.1301	0.0106
2.275	0.42	0.1549	0.0125
2.275	0.47	0.175	0.0134
2.275	0.53	0.2318	0.0165
2.275	0.57	0.2885	0.0201
2.275	0.62	0.2808	0.0199
2.275	0.67	0.3657	0.0263
2.275	0.72	0.4186	0.0293
2.275	0.78	0.5032	0.0346
2.275	0.82	0.547	0.039
2.275	0.88	0.7327	0.0501
2.275	0.92	1.0193	0.199
2.275	-0.8	0.0444	0.0102
2.275	-0.7	0.0474	0.0074
2.275	-0.6	0.0507	0.0067
2.275	-0.5	0.0539	0.0065
2.275	-0.4	0.0543	0.0063
2.275	-0.3	0.0467	0.0055
2.275	-0.2	0.041	0.0048
2.275	-0.1	0.0464	0.005
2.275	0	0.0518	0.005
2.275	0.1	0.0591	0.0049
2.275	0.2	0.072	0.0053
2.275	0.3	0.111	0.0068
2.285	0.37	0.1239	0.01
2.285	0.42	0.1386	0.0106
2.285	0.47	0.1755	0.0125
2.285	0.53	0.1852	0.014
2.285	0.57	0.251	0.0185
2.285	0.62	0.2863	0.0217
2.285	0.67	0.3363	0.0252
2.285	0.72	0.3448	0.0255
2.285	0.78	0.4747	0.0339
2.285	0.82	0.5036	0.0369
2.285	0.88	0.6644	0.0512
2.285	0.92	0.6534	0.1082
2.285	-0.8	0.044	0.0091
2.285	-0.7	0.0448	0.0066
2.285	-0.6	0.0517	0.0065
2.285	-0.5	0.0459	0.0058
2.285	-0.4	0.058	0.0061
2.285	-0.3	0.0491	0.005
2.285	-0.2	0.0366	0.0041
2.285	-0.1	0.037	0.0041
2.285	0	0.0452	0.0043
2.285	0.1	0.0557	0.0045
2.285	0.2	0.0711	0.0052
2.285	0.3	0.0997	0.0061
2.295	0.37	0.1295	0.0105
2.295	0.42	0.1477	0.0119
2.295	0.47	0.1818	0.0137
2.295	0.53	0.1928	0.0143
2.295	0.57	0.2126	0.0167
2.295	0.62	0.305	0.0233
2.295	0.67	0.3534	0.0262
2.295	0.72	0.3963	0.0273
2.295	0.78	0.4671	0.033
2.295	0.82	0.54	0.037
2.295	0.88	0.7241	0.0496
2.295	0.92	0.5709	0.0829
2.295	-0.79	0.0205	0.0063
2.295	-0.7	0.048	0.0074
2.295	-0.6	0.0409	0.0058
2.295	-0.5	0.0433	0.0058
2.295	-0.4	0.0362	0.0049
2.295	-0.3	0.0411	0.0048
2.295	-0.2	0.0459	0.0049
2.295	-0.1	0.0394	0.0042
2.295	0	0.0461	0.0047
2.295	0.1	0.0573	0.0046
2.295	0.2	0.0721	0.0053
2.295	0.3	0.1105	0.0067
2.305	0.37	0.1224	0.0097
2.305	0.42	0.1416	0.0111
2.305	0.47	0.1536	0.0123
2.305	0.53	0.195	0.0144
2.305	0.57	0.2388	0.0178
2.305	0.62	0.2564	0.02
2.305	0.67	0.3109	0.0229
2.305	0.72	0.4125	0.0279
2.305	0.78	0.5571	0.0369
2.305	0.82	0.5565	0.0366
2.305	0.88	0.8029	0.0541
2.305	0.92	0.5854	0.0731
2.305	-0.8	0.0281	0.0084
2.305	-0.7	0.0273	0.0052
2.305	-0.6	0.033	0.005
2.305	-0.5	0.0303	0.0045
2.305	-0.4	0.0294	0.0042
2.305	-0.3	0.0329	0.0043
2.305	-0.2	0.0319	0.0038
2.305	-0.1	0.0389	0.0041
2.305	0	0.0402	0.0039
2.305	0.1	0.0467	0.0041
2.305	0.2	0.0698	0.0052
2.305	0.3	0.0979	0.006
2.315	0.37	0.0977	0.009
2.315	0.42	0.1163	0.0101
2.315	0.47	0.1405	0.0116
2.315	0.53	0.1809	0.0142
2.315	0.57	0.1968	0.0159
2.315	0.62	0.2328	0.0189
2.315	0.67	0.3137	0.0229
2.315	0.72	0.3867	0.0283
2.315	0.78	0.444	0.0338
2.315	0.82	0.4995	0.0358
2.315	0.88	0.691	0.0494
2.315	0.92	0.5335	0.0567
2.315	-0.8	0.0359	0.0084
2.315	-0.7	0.0263	0.0053
2.315	-0.6	0.0317	0.0051
2.315	-0.5	0.0418	0.0057
2.315	-0.4	0.039	0.0049
2.315	-0.3	0.0368	0.0044
2.315	-0.2	0.0349	0.0041
2.315	-0.1	0.0286	0.0035
2.315	0	0.0333	0.0035
2.315	0.1	0.0399	0.0038
2.315	0.2	0.0601	0.0047
2.315	0.3	0.0804	0.0057
2.325	0.37	0.1081	0.0097
2.325	0.42	0.1533	0.0117
2.325	0.47	0.1553	0.0121
2.325	0.53	0.208	0.0156
2.325	0.57	0.2273	0.0185
2.325	0.62	0.2758	0.0218
2.325	0.67	0.3252	0.0237
2.325	0.72	0.4157	0.0291
2.325	0.78	0.4905	0.0341
2.325	0.82	0.569	0.0396
2.325	0.88	0.753	0.0546
2.325	0.93	0.626	0.205
2.325	-0.8	0.0257	0.0071
2.325	-0.7	0.0324	0.0059
2.325	-0.6	0.0318	0.005
2.325	-0.5	0.0277	0.0045
2.325	-0.4	0.0431	0.0053
2.325	-0.3	0.0297	0.004
2.325	-0.2	0.0242	0.0034
2.325	-0.1	0.0276	0.0034
2.325	0	0.0343	0.0037
2.325	0.1	0.0396	0.0038
2.325	0.2	0.058	0.0048
2.325	0.3	0.0825	0.0056
2.335	0.37	0.1133	0.0102
2.335	0.42	0.1443	0.0123
2.335	0.47	0.167	0.0133
2.335	0.53	0.1971	0.0155
2.335	0.57	0.2315	0.0187
2.335	0.62	0.2346	0.0194
2.335	0.67	0.3534	0.0251
2.335	0.72	0.3776	0.0274
2.335	0.78	0.5265	0.0375
2.335	0.82	0.6225	0.0418
2.335	0.88	0.7979	0.0581
2.335	0.92	0.797	0.1532
2.335	-0.8	0.0328	0.0095
2.335	-0.7	0.026	0.0061
2.335	-0.6	0.0295	0.0052
2.335	-0.5	0.0417	0.006
2.335	-0.4	0.0313	0.0047
2.335	-0.3	0.0253	0.0037
2.335	-0.2	0.0303	0.004
2.335	-0.1	0.0296	0.0036
2.335	0	0.0321	0.0035
2.335	0.1	0.0418	0.0039
2.335	0.2	0.0556	0.0047
2.335	0.3	0.0843	0.0058
2.345	0.37	0.1008	0.0095
2.345	0.42	0.1235	0.0112
2.345	0.47	0.1532	0.0129
2.345	0.53	0.1841	0.0156
2.345	0.57	0.2288	0.0191
2.345	0.62	0.2708	0.0225
2.345	0.67	0.315	0.0245
2.345	0.72	0.376	0.0276
2.345	0.78	0.4956	0.035
2.345	0.82	0.6376	0.0444
2.345	0.88	0.7465	0.0543
2.345	0.92	0.6923	0.0999
2.345	-0.8	0.0479	0.0112
2.345	-0.7	0.0315	0.0063
2.345	-0.6	0.0219	0.0046
2.345	-0.5	0.025	0.0044
2.345	-0.4	0.0264	0.0042
2.345	-0.3	0.0234	0.0035
2.345	-0.2	0.0289	0.0037
2.345	-0.1	0.0276	0.0035
2.345	0	0.036	0.0039
2.345	0.1	0.0375	0.0039
2.345	0.2	0.0652	0.0053
2.345	0.3	0.0817	0.0058
2.355	0.37	0.1127	0.0102
2.355	0.42	0.1389	0.0117
2.355	0.47	0.1969	0.0155
2.355	0.53	0.1905	0.0156
2.355	0.57	0.247	0.0203
2.355	0.62	0.3261	0.0251
2.355	0.67	0.3617	0.026
2.355	0.72	0.4427	0.0322
2.355	0.78	0.5031	0.0379
2.355	0.82	0.6527	0.0475
2.355	0.88	0.8481	0.0658
2.355	0.92	0.9429	0.1744
2.355	-0.8	0.0199	0.0064
2.355	-0.7	0.036	0.0065
2.355	-0.6	0.03	0.0051
2.355	-0.5	0.0282	0.0047
2.355	-0.4	0.0283	0.0044
2.355	-0.3	0.0359	0.0046
2.355	-0.2	0.0254	0.0034
2.355	-0.1	0.0299	0.0036
2.355	0	0.035	0.0038
2.355	0.1	0.0405	0.0039
2.355	0.2	0.0611	0.0059
2.355	0.3	0.0896	0.0062
2.365	0.37	0.1156	0.0112
2.365	0.42	0.1369	0.0122
2.365	0.47	0.1653	0.0138
2.365	0.53	0.2103	0.018
2.365	0.57	0.2251	0.0193
2.365	0.62	0.2971	0.0229
2.365	0.67	0.3622	0.0281
2.365	0.72	0.5124	0.0365
2.365	0.78	0.5622	0.0416
2.365	0.82	0.6838	0.0508
2.365	0.88	0.9225	0.0698
2.365	0.92	0.8274	0.1103
2.365	-0.78	0.0219	0.0083
2.365	-0.7	0.0209	0.0054
2.365	-0.6	0.0251	0.005
2.365	-0.5	0.0283	0.0051
2.365	-0.4	0.0246	0.0043
2.365	-0.3	0.0255	0.004
2.365	-0.2	0.023	0.0035
2.365	-0.1	0.0257	0.0034
2.365	0	0.0311	0.0037
2.365	0.1	0.0414	0.0041
2.365	0.2	0.0546	0.0051
2.365	0.3	0.0936	0.0068
2.375	0.37	0.1047	0.0102
2.375	0.42	0.1315	0.0118
2.375	0.47	0.1801	0.0147
2.375	0.53	0.1797	0.0146
2.375	0.57	0.2309	0.0197
2.375	0.62	0.2815	0.0215
2.375	0.67	0.3546	0.0285
2.375	0.72	0.3921	0.031
2.375	0.78	0.5002	0.0387
2.375	0.82	0.6196	0.0484
2.375	0.88	0.6865	0.0517
2.375	0.92	0.7208	0.0805
2.375	-0.79	0.0216	0.0076
2.375	-0.7	0.0179	0.0047
2.375	-0.6	0.0272	0.005
2.375	-0.5	0.0259	0.0046
2.375	-0.4	0.0213	0.0039
2.375	-0.3	0.029	0.0041
2.375	-0.2	0.0209	0.0031
2.375	-0.1	0.0228	0.0031
2.375	0	0.0284	0.0035
2.375	0.1	0.0391	0.0039
2.375	0.2	0.0617	0.0052
2.375	0.3	0.083	0.0061
2.385	0.37	0.1113	0.0107
2.385	0.42	0.1298	0.0119
2.385	0.47	0.1345	0.0131
2.385	0.53	0.1584	0.0153
2.385	0.57	0.2105	0.0191
2.385	0.62	0.2274	0.0195
2.385	0.67	0.2922	0.0238
2.385	0.72	0.3547	0.0303
2.385	0.78	0.4429	0.039
2.385	0.82	0.5697	0.0469
2.385	0.88	0.727	0.0607
2.385	0.92	0.9876	0.1172
2.385	-0.8	0.0169	0.0116
2.385	-0.7	0.023	0.0055
2.385	-0.6	0.0232	0.0048
2.385	-0.5	0.0238	0.0047
2.385	-0.4	0.0154	0.0033
2.385	-0.3	0.0268	0.004
2.385	-0.2	0.0264	0.0038
2.385	-0.1	0.024	0.0033
2.385	0	0.0285	0.0036
2.385	0.1	0.0381	0.004
2.385	0.2	0.0519	0.0049
2.385	0.3	0.0751	0.0059
2.395	0.37	0.0918	0.01
2.395	0.42	0.113	0.0115
2.395	0.47	0.1533	0.0151
2.395	0.53	0.1555	0.0157
2.395	0.57	0.2013	0.0186
2.395	0.62	0.2367	0.0213
2.395	0.67	0.3336	0.0283
2.395	0.72	0.4117	0.0323
2.395	0.78	0.4792	0.0381
2.395	0.82	0.5858	0.0449
2.395	0.88	0.7629	0.0597
2.395	0.92	0.7967	0.175
2.395	-0.8	0.0239	0.0171
2.395	-0.7	0.012	0.0042
2.395	-0.6	0.0188	0.0046
2.395	-0.5	0.0177	0.0042
2.395	-0.4	0.0159	0.0037
2.395	-0.3	0.0206	0.0038
2.395	-0.2	0.0256	0.0039
2.395	-0.1	0.0295	0.0039
2.395	0	0.0316	0.0039
2.395	0.1	0.0408	0.0043
2.395	0.2	0.0498	0.0049
2.395	0.3	0.073	0.006
2.405	0.37	0.0956	0.0108
2.405	0.42	0.108	0.0118
2.405	0.47	0.1316	0.0144
2.405	0.53	0.1603	0.0184
2.405	0.57	0.2099	0.0212
2.405	0.62	0.2809	0.0254
2.405	0.67	0.2777	0.0255
2.405	0.72	0.4233	0.0343
2.405	0.78	0.4894	0.042
2.405	0.82	0.5962	0.0496
2.405	0.88	0.7641	0.0621
2.405	0.92	0.984	0.1148
2.405	-0.8	0.0139	0.007
2.405	-0.7	0.0164	0.0059
2.405	-0.6	0.0194	0.0048
2.405	-0.5	0.0214	0.0049
2.405	-0.4	0.0152	0.0038
2.405	-0.3	0.0172	0.0034
2.405	-0.2	0.0183	0.0034
2.405	-0.1	0.0243	0.0037
2.405	0	0.0215	0.0034
2.405	0.1	0.0347	0.0042
2.405	0.2	0.0522	0.0055
2.405	0.3	0.0794	0.0067
2.415	0.37	0.1034	0.0111
2.415	0.42	0.1072	0.0111
2.415	0.47	0.1331	0.0133
2.415	0.53	0.1383	0.0153
2.415	0.57	0.1885	0.0194
2.415	0.62	0.2426	0.0219
2.415	0.67	0.2912	0.0269
2.415	0.72	0.352	0.0328
2.415	0.78	0.4586	0.0392
2.415	0.82	0.5477	0.0486
2.415	0.88	0.7944	0.0608
2.415	0.92	0.7977	0.0921
2.415	-0.8	0.0129	0.0095
2.415	-0.7	0.01	0.0036
2.415	-0.6	0.0147	0.0039
2.415	-0.5	0.0179	0.0043
2.415	-0.4	0.0169	0.0038
2.415	-0.3	0.02	0.0038
2.415	-0.2	0.0135	0.0027
2.415	-0.1	0.0231	0.0034
2.415	0	0.0344	0.0041
2.415	0.1	0.0348	0.004
2.415	0.2	0.0603	0.0056
2.415	0.3	0.0713	0.0062
2.425	0.37	0.0951	0.0099
2.425	0.42	0.1244	0.0122
2.425	0.47	0.1489	0.014
2.425	0.53	0.1832	0.0173
2.425	0.57	0.2268	0.0204
2.425	0.62	0.2876	0.0236
2.425	0.67	0.2961	0.0247
2.425	0.72	0.4236	0.0338
2.425	0.78	0.4442	0.0393
2.425	0.82	0.6156	0.0491
2.425	0.88	0.9275	0.0684
2.425	0.92	0.9201	0.1687
2.425	-0.79	0.0141	0.0058
2.425	-0.69	0.0134	0.0047
2.425	-0.6	0.0138	0.0037
2.425	-0.5	0.0183	0.0041
2.425	-0.4	0.0249	0.0047
2.425	-0.3	0.0233	0.0038
2.425	-0.2	0.0297	0.0041
2.425	-0.1	0.0228	0.0033
2.425	0	0.0251	0.0034
2.425	0.1	0.0338	0.0037
2.425	0.2	0.0534	0.0051
2.425	0.3	0.0859	0.0065
2.435	0.37	0.0978	0.0107
2.435	0.42	0.1254	0.0125
2.435	0.47	0.1282	0.0132
2.435	0.53	0.1721	0.0178
2.435	0.57	0.204	0.0207
2.435	0.62	0.2348	0.0212
2.435	0.67	0.2883	0.0261
2.435	0.72	0.3318	0.0312
2.435	0.78	0.4944	0.0437
2.435	0.82	0.6495	0.053
2.435	0.88	0.8417	0.0649
2.435	0.92	0.9575	0.1516
2.435	-0.79	0.0141	0.0057
2.435	-0.7	0.0127	0.004
2.435	-0.6	0.0142	0.0038
2.435	-0.51	0.0177	0.0044
2.435	-0.4	0.0155	0.0037
2.435	-0.3	0.0231	0.004
2.435	-0.2	0.0184	0.0032
2.435	-0.1	0.0207	0.0032
2.435	0	0.0317	0.004
2.435	0.1	0.0333	0.0039
2.435	0.2	0.0568	0.0054
2.435	0.3	0.0761	0.0066
2.445	0.37	0.1004	0.0107
2.445	0.42	0.1254	0.0123
2.445	0.47	0.127	0.0136
2.445	0.53	0.165	0.0171
2.445	0.57	0.2068	0.0202
2.445	0.62	0.2459	0.0228
2.445	0.67	0.2757	0.0251
2.445	0.72	0.3846	0.0341
2.445	0.78	0.4812	0.0444
2.445	0.82	0.6741	0.0571
2.445	0.88	1.0356	0.0729
2.445	0.92	1.0338	0.1373
2.445	-0.8	0.0181	0.007
2.445	-0.7	0.0105	0.0033
2.445	-0.6	0.0106	0.0028
2.445	-0.5	0.0098	0.0028
2.445	-0.4	0.0157	0.0036
2.445	-0.3	0.0184	0.0035
2.445	-0.2	0.0161	0.003
2.445	-0.1	0.0241	0.0036
2.445	0	0.0305	0.0037
2.445	0.1	0.0376	0.0042
2.445	0.2	0.0536	0.0053
2.445	0.3	0.0736	0.0063
2.455	0.37	0.0912	0.0102
2.455	0.42	0.1149	0.0118
2.455	0.47	0.1264	0.0132
2.455	0.53	0.1537	0.0158
2.455	0.57	0.1705	0.0177
2.455	0.62	0.2147	0.0202
2.455	0.67	0.2534	0.0246
2.455	0.72	0.3506	0.0326
2.455	0.78	0.4701	0.0411
2.455	0.82	0.6692	0.052
2.455	0.88	0.8708	0.0607
2.455	0.92	1.1477	0.1347
2.455	-0.8	0.014	0.0077
2.455	-0.7	0.0095	0.0028
2.455	-0.6	0.0079	0.0023
2.455	-0.5	0.0089	0.0025
2.455	-0.4	0.0126	0.0033
2.455	-0.3	0.0158	0.0031
2.455	-0.2	0.0166	0.0031
2.455	-0.1	0.0178	0.003
2.455	0	0.0235	0.0033
2.455	0.1	0.0356	0.004
2.455	0.2	0.0505	0.0051
2.455	0.3	0.0748	0.0063
2.465	0.37	0.0846	0.0101
2.465	0.42	0.1026	0.0113
2.465	0.47	0.1249	0.0138
2.465	0.53	0.1194	0.0145
2.465	0.57	0.1887	0.0197
2.465	0.62	0.2207	0.0207
2.465	0.67	0.2962	0.0272
2.465	0.72	0.3625	0.0326
2.465	0.78	0.4772	0.0417
2.465	0.82	0.715	0.0554
2.465	0.88	0.9658	0.0728
2.465	0.92	1.0526	0.1152
2.465	-0.8	0.0137	0.006
2.465	-0.7	0.01	0.0038
2.465	-0.6	0.0123	0.0035
2.465	-0.5	0.0131	0.004
2.465	-0.4	0.0159	0.004
2.465	-0.3	0.0137	0.0032
2.465	-0.2	0.019	0.0037
2.465	-0.1	0.0238	0.0038
2.465	0	0.0248	0.0037
2.465	0.1	0.0329	0.0042
2.465	0.2	0.057	0.0059
2.465	0.3	0.0757	0.0065
2.475	0.37	0.0681	0.0086
2.475	0.42	0.0969	0.0115
2.475	0.47	0.0839	0.0107
2.475	0.53	0.1265	0.0147
2.475	0.57	0.1759	0.0191
2.475	0.62	0.2398	0.0235
2.475	0.67	0.2433	0.0242
2.475	0.72	0.4186	0.0349
2.475	0.78	0.5327	0.0444
2.475	0.82	0.6203	0.05
2.475	0.88	0.8621	0.066
2.475	0.92	1.289	0.1643
2.475	-0.79	0.0124	0.0061
2.475	-0.69	0.013	0.0044
2.475	-0.6	0.012	0.0034
2.475	-0.5	0.0063	0.0026
2.475	-0.4	0.0113	0.0033
2.475	-0.3	0.0128	0.003
2.475	-0.2	0.0146	0.0031
2.475	-0.1	0.018	0.0032
2.475	0	0.0185	0.003
2.475	0.1	0.0365	0.0044
2.475	0.2	0.0482	0.0054
2.475	0.3	0.0654	0.0059
2.485	0.37	0.0769	0.0097
2.485	0.42	0.1173	0.0119
2.485	0.47	0.1205	0.0128
2.485	0.53	0.1623	0.0166
2.485	0.57	0.1658	0.0173
2.485	0.62	0.2038	0.0198
2.485	0.67	0.3044	0.0276
2.485	0.72	0.3297	0.0325
2.485	0.78	0.4822	0.0422
2.485	0.82	0.5955	0.0482
2.485	0.88	1.0374	0.0744
2.485	0.92	1.1312	0.117
2.485	-0.8	0.0108	0.0121
2.485	-0.7	0.0069	0.0031
2.485	-0.6	0.0056	0.0021
2.485	-0.5	0.0071	0.0024
2.485	-0.4	0.0095	0.0029
2.485	-0.3	0.0108	0.0026
2.485	-0.2	0.0168	0.0032
2.485	-0.1	0.018	0.003
2.485	0	0.0193	0.0029
2.485	0.1	0.0321	0.0039
2.485	0.2	0.0522	0.0052
2.485	0.3	0.0652	0.0058
2.495	0.37	0.0772	0.0094
2.495	0.42	0.1011	0.0111
2.495	0.47	0.1018	0.0118
2.495	0.53	0.1267	0.0142
2.495	0.57	0.1847	0.0183
2.495	0.62	0.2192	0.0209
2.495	0.67	0.301	0.0287
2.495	0.72	0.39	0.0365
2.495	0.78	0.5007	0.0454
2.495	0.82	0.6758	0.0512
2.495	0.88	0.9348	0.0707
2.495	0.92	1.0514	0.1291
2.495	-0.79	0.009	0.0051
2.495	-0.7	0.0052	0.0027
2.495	-0.59	0.0095	0.0033
2.495	-0.5	0.007	0.0028
2.495	-0.4	0.0093	0.0029
2.495	-0.3	0.0071	0.0022
2.495	-0.2	0.0146	0.003
2.495	-0.1	0.0132	0.0025
2.495	0	0.0175	0.0029
2.495	0.1	0.02	0.003
2.495	0.2	0.0419	0.0048
2.495	0.3	0.0542	0.0053
2.505	0.37	0.0751	0.0089
2.505	0.42	0.0834	0.0099
2.505	0.47	0.0915	0.0114
2.505	0.53	0.1139	0.0134
2.505	0.57	0.1833	0.018
2.505	0.62	0.2088	0.0201
2.505	0.67	0.2522	0.0244
2.505	0.72	0.3935	0.0348
2.505	0.78	0.5657	0.0485
2.505	0.82	0.7195	0.0606
2.505	0.88	0.8581	0.0646
2.505	0.92	1.1242	0.1246
2.505	-0.8	0.0076	0.0045
2.505	-0.7	0.0061	0.003
2.505	-0.59	0.007	0.0027
2.505	-0.5	0.0064	0.0024
2.505	-0.4	0.013	0.0033
2.505	-0.3	0.0121	0.003
2.505	-0.2	0.0189	0.0034
2.505	-0.1	0.0186	0.0032
2.505	0	0.0229	0.0034
2.505	0.1	0.0293	0.0038
2.505	0.2	0.0445	0.0047
2.505	0.3	0.0516	0.0049
2.515	0.37	0.0743	0.0092
2.515	0.42	0.0845	0.01
2.515	0.47	0.0874	0.0111
2.515	0.53	0.1465	0.016
2.515	0.57	0.1753	0.0178
2.515	0.62	0.2478	0.0232
2.515	0.67	0.2649	0.025
2.515	0.72	0.3751	0.0378
2.515	0.78	0.4832	0.0426
2.515	0.82	0.6524	0.0504
2.515	0.88	0.9185	0.0699
2.515	0.92	1.2515	0.1249
2.515	-0.8	0.0052	0.0044
2.515	-0.7	0.0069	0.0029
2.515	-0.6	0.0046	0.0018
2.515	-0.5	0.0083	0.0024
2.515	-0.4	0.0075	0.0024
2.515	-0.3	0.0098	0.0025
2.515	-0.2	0.0106	0.0025
2.515	-0.1	0.0114	0.0025
2.515	0	0.0162	0.0028
2.515	0.1	0.0263	0.0035
2.515	0.2	0.035	0.0042
2.515	0.3	0.0528	0.0052
2.525	0.37	0.0691	0.009
2.525	0.42	0.0786	0.0108
2.525	0.47	0.0963	0.0125
2.525	0.53	0.1374	0.0167
2.525	0.57	0.1682	0.0189
2.525	0.62	0.2289	0.0246
2.525	0.67	0.2885	0.0304
2.525	0.72	0.3653	0.0377
2.525	0.78	0.5751	0.0491
2.525	0.82	0.75	0.0573
2.525	0.88	0.9498	0.0685
2.525	0.92	1.1449	0.1247
2.525	-0.79	0.0179	0.0086
2.525	-0.7	0.0056	0.003
2.525	-0.6	0.0095	0.0034
2.525	-0.5	0.0067	0.0027
2.525	-0.4	0.0108	0.0031
2.525	-0.3	0.0146	0.0032
2.525	-0.2	0.0114	0.0027
2.525	-0.1	0.015	0.0028
2.525	0	0.0157	0.0028
2.525	0.1	0.0246	0.0035
2.525	0.2	0.0369	0.0046
2.525	0.3	0.05	0.0052
2.535	0.37	0.0774	0.0095
2.535	0.42	0.0971	0.0109
2.535	0.47	0.1141	0.0131
2.535	0.53	0.1289	0.0148
2.535	0.57	0.1752	0.0182
2.535	0.62	0.2219	0.0219
2.535	0.67	0.2764	0.0275
2.535	0.72	0.4046	0.0355
2.535	0.78	0.5671	0.0474
2.535	0.82	0.6606	0.0504
2.535	0.88	0.9973	0.07
2.535	0.92	1.3883	0.1199
2.535	-0.8	0.0079	0.0053
2.535	-0.7	0.0064	0.0025
2.535	-0.6	0.0047	0.0021
2.535	-0.5	0.0044	0.0018
2.535	-0.4	0.0115	0.0033
2.535	-0.3	0.0076	0.0021
2.535	-0.2	0.0121	0.0026
2.535	-0.1	0.0159	0.0028
2.535	0	0.0163	0.0027
2.535	0.1	0.0231	0.0032
2.535	0.2	0.0316	0.0038
2.535	0.3	0.0564	0.0053
2.545	0.37	0.0797	0.0096
2.545	0.42	0.093	0.0108
2.545	0.47	0.1045	0.013
2.545	0.53	0.1408	0.0162
2.545	0.57	0.2207	0.0211
2.545	0.62	0.2436	0.0237
2.545	0.67	0.3446	0.0307
2.545	0.72	0.4409	0.0371
2.545	0.78	0.5889	0.0456
2.545	0.82	0.8821	0.0587
2.545	0.88	1.0714	0.0741
2.545	0.92	1.3877	0.1165
2.545	-0.79	0.0044	0.0035
2.545	-0.7	0.0074	0.0029
2.545	-0.6	0.0056	0.0022
2.545	-0.5	0.0063	0.0022
2.545	-0.39	0.011	0.0033
2.545	-0.3	0.0117	0.0027
2.545	-0.2	0.0111	0.0025
2.545	-0.1	0.0103	0.0023
2.545	0	0.0162	0.0027
2.545	0.1	0.0253	0.0035
2.545	0.2	0.0358	0.0045
2.545	0.3	0.0542	0.0055
2.555	0.37	0.0898	0.0103
2.555	0.42	0.0825	0.0103
2.555	0.47	0.0965	0.0127
2.555	0.53	0.1658	0.0183
2.555	0.57	0.1937	0.0183
2.555	0.62	0.2329	0.0228
2.555	0.67	0.2947	0.0279
2.555	0.72	0.3964	0.0369
2.555	0.78	0.5607	0.0465
2.555	0.82	0.7033	0.0565
2.555	0.88	1.0048	0.0733
2.555	0.92	1.3838	0.1248
2.555	-0.8	0.0067	0.0046
2.555	-0.69	0.0034	0.0023
2.555	-0.6	0.0063	0.0034
2.555	-0.5	0.0033	0.0016
2.555	-0.4	0.0063	0.002
2.555	-0.3	0.0072	0.0019
2.555	-0.2	0.008	0.002
2.555	-0.1	0.0101	0.0022
2.555	0	0.0131	0.0023
2.555	0.1	0.0208	0.0029
2.555	0.2	0.0374	0.0044
2.555	0.3	0.0634	0.0059
2.565	0.37	0.0696	0.0085
2.565	0.42	0.0993	0.0111
2.565	0.47	0.1162	0.0128
2.565	0.53	0.1517	0.0164
2.565	0.57	0.1951	0.018
2.565	0.62	0.2431	0.0215
2.565	0.67	0.3307	0.0303
2.565	0.72	0.4205	0.036
2.565	0.78	0.6206	0.0514
2.565	0.82	0.8142	0.0604
2.565	0.88	1.0959	0.0729
2.565	0.92	1.513	0.1222
2.565	-0.8	0.0089	0.0064
2.565	-0.7	0.0045	0.0025
2.565	-0.6	0.0042	0.0019
2.565	-0.5	0.0037	0.0016
2.565	-0.4	0.0044	0.0018
2.565	-0.3	0.0083	0.0022
2.565	-0.2	0.0095	0.0022
2.565	-0.1	0.01	0.0021
2.565	0	0.0134	0.0025
2.565	0.1	0.0244	0.0036
2.565	0.2	0.0354	0.0043
2.565	0.3	0.0535	0.0053
2.575	0.37	0.0679	0.0085
2.575	0.42	0.0636	0.0087
2.575	0.47	0.113	0.0135
2.575	0.53	0.1336	0.0151
2.575	0.57	0.1659	0.0158
2.575	0.62	0.2008	0.0199
2.575	0.67	0.2666	0.0251
2.575	0.72	0.3929	0.0347
2.575	0.78	0.5415	0.0453
2.575	0.82	0.7006	0.052
2.575	0.88	0.9396	0.0655
2.575	0.93	1.1642	0.1524
2.575	-0.79	0.0163	0.0083
2.575	-0.7	0.0024	0.0019
2.575	-0.59	0.0061	0.0028
2.575	-0.5	0.0048	0.0021
2.575	-0.4	0.0027	0.0014
2.575	-0.3	0.0035	0.0013
2.575	-0.2	0.0064	0.0018
2.575	-0.1	0.0097	0.0021
2.575	0	0.0139	0.0024
2.575	0.1	0.0154	0.0025
2.575	0.2	0.0323	0.0039
2.575	0.3	0.0449	0.0047
2.585	0.37	0.0628	0.0082
2.585	0.42	0.075	0.0094
2.585	0.47	0.0934	0.0117
2.585	0.53	0.1121	0.014
2.585	0.57	0.1588	0.0175
2.585	0.62	0.2274	0.0226
2.585	0.67	0.278	0.0272
2.585	0.72	0.3813	0.0358
2.585	0.78	0.5503	0.0456
2.585	0.82	0.6404	0.0476
2.585	0.88	1.0733	0.0786
2.585	0.92	1.5307	0.2357
2.585	-0.79	0.0061	0.0057
2.585	-0.7	0.0037	0.0024
2.585	-0.6	0.0048	0.0022
2.585	-0.51	0.0023	0.0015
2.585	-0.4	0.0042	0.0018
2.585	-0.3	0.0045	0.0017
2.585	-0.2	0.007	0.002
2.585	-0.1	0.0106	0.0023
2.585	0	0.013	0.0024
2.585	0.1	0.0184	0.0029
2.585	0.2	0.0253	0.0035
2.585	0.3	0.0534	0.0052
2.595	0.37	0.0566	0.0085
2.595	0.42	0.0623	0.009
2.595	0.47	0.0896	0.0118
2.595	0.53	0.1245	0.0154
2.595	0.57	0.1578	0.0166
2.595	0.62	0.2109	0.0208
2.595	0.67	0.2451	0.0251
2.595	0.72	0.3337	0.0332
2.595	0.78	0.5091	0.0452
2.595	0.82	0.6037	0.0506
2.595	0.88	1.0253	0.0701
2.595	0.93	1.5524	0.3614
2.595	-0.77	0.0007	0.0021
2.595	-0.69	0.002	0.0023
2.595	-0.6	0.0016	0.0013
2.595	-0.5	0.0021	0.0013
2.595	-0.4	0.0023	0.0014
2.595	-0.3	0.0051	0.0019
2.595	-0.2	0.0048	0.0018
2.595	-0.1	0.0069	0.002
2.595	0	0.0105	0.0023
2.595	0.1	0.0145	0.0026
2.595	0.2	0.0276	0.0039
2.595	0.3	0.0406	0.0047
2.605	0.37	0.0502	0.006
2.605	0.42	0.0688	0.0083
2.605	0.47	0.0789	0.0087
2.605	0.53	0.109	0.0111
2.605	0.57	0.1528	0.0141
2.605	0.62	0.21	0.0182
2.605	0.67	0.2267	0.0211
2.605	0.72	0.3783	0.0324
2.605	0.78	0.4509	0.0383
2.605	0.82	0.5943	0.0455
2.605	0.88	0.9899	0.1024
2.605	0.92	1.5087	0.115
2.605	-0.81	0.0029	0.0046
2.605	-0.69	0.0023	0.0016
2.605	-0.58	0.0021	0.0013
2.605	-0.5	0.0025	0.0011
2.605	-0.4	0.005	0.0015
2.605	-0.3	0.004	0.0011
2.605	-0.2	0.0049	0.0011
2.605	-0.1	0.0059	0.0012
2.605	0	0.0052	0.0011
2.605	0.1	0.0159	0.0021
2.605	0.2	0.0226	0.0025
2.605	0.3	0.0338	0.0033
2.615	0.37	0.0528	0.006
2.615	0.42	0.0894	0.0085
2.615	0.47	0.0919	0.0095
2.615	0.53	0.1208	0.0119
2.615	0.57	0.1699	0.0134
2.615	0.62	0.1989	0.0177
2.615	0.67	0.3033	0.026
2.615	0.72	0.4078	0.0322
2.615	0.78	0.5041	0.0368
2.615	0.82	0.7693	0.0515
2.615	0.88	1.0882	0.0693
2.615	0.93	1.5977	0.2469
2.615	-0.79	0.0163	0.0069
2.615	-0.7	0.0064	0.0026
2.615	-0.6	0.0049	0.0018
2.615	-0.49	0.0045	0.0018
2.615	-0.4	0.0064	0.0018
2.615	-0.3	0.0059	0.0014
2.615	-0.2	0.0066	0.0014
2.615	-0.1	0.0067	0.0013
2.615	0	0.0115	0.0017
2.615	0.1	0.0159	0.002
2.615	0.2	0.0273	0.0029
2.615	0.3	0.0415	0.0035
2.625	0.37	0.0524	0.0068
2.625	0.42	0.0681	0.0079
2.625	0.47	0.0874	0.0099
2.625	0.53	0.0981	0.0111
2.625	0.57	0.133	0.0133
2.625	0.62	0.2054	0.0185
2.625	0.67	0.276	0.0243
2.625	0.72	0.4322	0.0371
2.625	0.78	0.4983	0.0388
2.625	0.82	0.7162	0.0513
2.625	0.88	1.1745	0.0747
2.625	0.93	1.4694	0.1359
2.625	-0.8	0.0137	0.0081
2.625	-0.69	0.0046	0.0025
2.625	-0.59	0.0039	0.002
2.625	-0.5	0.0073	0.0023
2.625	-0.4	0.0045	0.0017
2.625	-0.3	0.006	0.0016
2.625	-0.2	0.0063	0.0015
2.625	-0.1	0.0082	0.0017
2.625	0	0.0084	0.0016
2.625	0.1	0.012	0.002
2.625	0.2	0.0232	0.003
2.625	0.3	0.0378	0.0038
2.635	0.37	0.053	0.0067
2.635	0.42	0.0692	0.0077
2.635	0.47	0.0653	0.0092
2.635	0.53	0.1135	0.0127
2.635	0.57	0.1678	0.0154
2.635	0.62	0.2035	0.0178
2.635	0.67	0.2759	0.0249
2.635	0.72	0.3899	0.0333
2.635	0.78	0.4689	0.0382
2.635	0.82	0.654	0.0464
2.635	0.88	0.9679	0.0654
2.635	0.92	1.3637	0.1009
2.635	-0.8	0.0041	0.0049
2.635	-0.71	0.0029	0.0024
2.635	-0.6	0.0051	0.0021
2.635	-0.5	0.0047	0.0018
2.635	-0.4	0.0033	0.0015
2.635	-0.3	0.0057	0.0017
2.635	-0.2	0.0064	0.0017
2.635	-0.1	0.0075	0.0017
2.635	0	0.0067	0.0015
2.635	0.1	0.0133	0.0022
2.635	0.2	0.0201	0.0028
2.635	0.3	0.0366	0.0038
2.645	0.37	0.0566	0.007
2.645	0.42	0.0633	0.0077
2.645	0.47	0.0791	0.0096
2.645	0.53	0.1095	0.012
2.645	0.57	0.134	0.0129
2.645	0.62	0.1995	0.0182
2.645	0.67	0.2537	0.0219
2.645	0.72	0.3385	0.03
2.645	0.78	0.4919	0.039
2.645	0.82	0.7091	0.0478
2.645	0.88	0.9847	0.065
2.645	0.93	1.415	0.1658
2.645	-0.8	0.0104	0.0068
2.645	-0.7	0.0064	0.0031
2.645	-0.6	0.0022	0.0016
2.645	-0.5	0.0044	0.0017
2.645	-0.4	0.0047	0.0019
2.645	-0.3	0.0041	0.0016
2.645	-0.2	0.0025	0.001
2.645	-0.1	0.0032	0.001
2.645	0	0.007	0.0015
2.645	0.1	0.0094	0.0018
2.645	0.2	0.0183	0.0025
2.645	0.3	0.0321	0.0035
2.655	0.37	0.049	0.0067
2.655	0.42	0.0662	0.0078
2.655	0.47	0.0774	0.0093
2.655	0.53	0.1127	0.0123
2.655	0.57	0.1441	0.014
2.655	0.62	0.195	0.0175
2.655	0.67	0.2597	0.0225
2.655	0.72	0.3662	0.0325
2.655	0.78	0.5689	0.0435
2.655	0.82	0.7053	0.0482
2.655	0.88	1.0743	0.07
2.655	0.93	1.6046	0.1577
2.655	-0.8	0.005	0.0035
2.655	-0.7	0.0053	0.0032
2.655	-0.6	0.007	0.0028
2.655	-0.5	0.0048	0.0018
2.655	-0.4	0.0036	0.0016
2.655	-0.3	0.0063	0.0019
2.655	-0.2	0.0067	0.0017
2.655	-0.1	0.0063	0.0016
2.655	0	0.0108	0.002
2.655	0.1	0.0127	0.0021
2.655	0.2	0.0177	0.0027
2.655	0.3	0.0275	0.0032
2.665	0.37	0.0465	0.0059
2.665	0.42	0.0576	0.0066
2.665	0.47	0.0696	0.0085
2.665	0.53	0.1059	0.0113
2.665	0.57	0.1465	0.013
2.665	0.62	0.1814	0.0156
2.665	0.67	0.2233	0.0197
2.665	0.72	0.3455	0.0277
2.665	0.78	0.5549	0.0407
2.665	0.82	0.749	0.049
2.665	0.88	0.9944	0.0646
2.665	0.93	1.7314	0.1709
2.665	-0.79	0.0037	0.0032
2.665	-0.69	0.0023	0.0017
2.665	-0.6	0.0028	0.0017
2.665	-0.49	0.0022	0.0011
2.665	-0.4	0.0026	0.0012
2.665	-0.3	0.0033	0.0011
2.665	-0.2	0.0025	0.0009
2.665	-0.1	0.0058	0.0014
2.665	0	0.0059	0.0013
2.665	0.1	0.0108	0.0018
2.665	0.2	0.0163	0.0024
2.665	0.3	0.0278	0.0031
2.675	0.37	0.0351	0.0054
2.675	0.42	0.0604	0.0072
2.675	0.47	0.0774	0.0088
2.675	0.53	0.1027	0.0112
2.675	0.57	0.1403	0.013
2.675	0.62	0.2065	0.0174
2.675	0.67	0.2266	0.0207
2.675	0.72	0.3476	0.0285
2.675	0.78	0.5606	0.0466
2.675	0.82	0.7369	0.048
2.675	0.88	1.1407	0.0723
2.675	0.93	2.2631	0.3035
2.675	-0.79	0.0068	0.0042
2.675	-0.7	0.008	0.0032
2.675	-0.61	0.0045	0.0021
2.675	-0.49	0.0055	0.0021
2.675	-0.4	0.0023	0.0011
2.675	-0.3	0.0025	0.001
2.675	-0.2	0.0033	0.0011
2.675	-0.1	0.0029	0.0009
2.675	0	0.0044	0.0011
2.675	0.1	0.0074	0.0015
2.675	0.2	0.0127	0.002
2.675	0.3	0.0275	0.0031
2.685	0.37	0.0501	0.0068
2.685	0.42	0.0532	0.0068
2.685	0.47	0.0775	0.0094
2.685	0.53	0.105	0.0117
2.685	0.57	0.1532	0.0141
2.685	0.62	0.1629	0.0153
2.685	0.67	0.252	0.0228
2.685	0.72	0.3573	0.0307
2.685	0.78	0.5379	0.0385
2.685	0.82	0.8098	0.0542
2.685	0.88	1.0326	0.0699
2.685	0.93	1.7468	0.18
2.685	-0.8	0.0081	0.0047
2.685	-0.7	0.0048	0.0027
2.685	-0.6	0.0055	0.0028
2.685	-0.51	0.0024	0.0018
2.685	-0.4	0.0059	0.0021
2.685	-0.3	0.0041	0.0015
2.685	-0.2	0.0032	0.0011
2.685	-0.1	0.0033	0.0011
2.685	0	0.0048	0.0012
2.685	0.1	0.0087	0.0017
2.685	0.2	0.0146	0.0023
2.685	0.3	0.0332	0.0036
2.695	0.37	0.0419	0.0061
2.695	0.42	0.0554	0.0069
2.695	0.47	0.0555	0.0072
2.695	0.53	0.0857	0.0105
2.695	0.57	0.1441	0.0141
2.695	0.62	0.2143	0.0182
2.695	0.67	0.2649	0.0232
2.695	0.72	0.3821	0.0331
2.695	0.78	0.5198	0.0373
2.695	0.82	0.7545	0.0516
2.695	0.88	1.1587	0.0798
2.695	0.93	1.7739	0.1763
2.695	-0.8	0.0132	0.0075
2.695	-0.71	0.0049	0.0033
2.695	-0.61	0.0033	0.0021
2.695	-0.5	0.0029	0.0013
2.695	-0.4	0.0036	0.0016
2.695	-0.3	0.0025	0.001
2.695	-0.2	0.0039	0.0013
2.695	-0.1	0.0027	0.001
2.695	0	0.0038	0.0012
2.695	0.1	0.0067	0.0015
2.695	0.2	0.0206	0.0028
2.695	0.3	0.0302	0.0034
2.705	0.37	0.0398	0.0054
2.705	0.42	0.0516	0.0065
2.705	0.47	0.0665	0.0079
2.705	0.53	0.089	0.0103
2.705	0.57	0.1258	0.0118
2.705	0.62	0.1923	0.0161
2.705	0.67	0.2384	0.0203
2.705	0.72	0.3535	0.0292
2.705	0.78	0.5108	0.0387
2.705	0.82	0.7659	0.0513
2.705	0.88	1.1428	0.0768
2.705	0.93	1.7602	0.1459
2.705	-0.79	0.0126	0.0063
2.705	-0.7	0.0031	0.002
2.705	-0.59	0.0049	0.0024
2.705	-0.5	0.002	0.0011
2.705	-0.4	0.0052	0.002
2.705	-0.3	0.0031	0.0013
2.705	-0.2	0.0054	0.0015
2.705	-0.1	0.0033	0.001
2.705	0	0.0038	0.0011
2.705	0.1	0.0085	0.0016
2.705	0.2	0.0164	0.0023
2.705	0.3	0.0262	0.003
2.715	0.37	0.0455	0.0059
2.715	0.42	0.0523	0.0067
2.715	0.47	0.0675	0.0083
2.715	0.53	0.0854	0.0095
2.715	0.57	0.1132	0.0109
2.715	0.62	0.1851	0.0159
2.715	0.67	0.2593	0.023
2.715	0.72	0.3612	0.0285
2.715	0.78	0.5429	0.0404
2.715	0.82	0.7614	0.0491
2.715	0.88	1.3018	0.0804
2.715	0.93	1.7803	0.174
2.715	-0.79	0.014	0.0095
2.715	-0.7	0.0084	0.0032
2.715	-0.6	0.0055	0.002
2.715	-0.5	0.0055	0.002
2.715	-0.4	0.0034	0.0015
2.715	-0.3	0.0033	0.0013
2.715	-0.2	0.0036	0.0011
2.715	-0.1	0.0036	0.001
2.715	0	0.0043	0.0011
2.715	0.1	0.0094	0.0016
2.715	0.2	0.0159	0.0023
2.715	0.3	0.028	0.003
2.725	0.37	0.0328	0.0048
2.725	0.42	0.0486	0.006
2.725	0.47	0.0544	0.0071
2.725	0.53	0.1041	0.011
2.725	0.57	0.1407	0.0121
2.725	0.62	0.1977	0.0164
2.725	0.67	0.2129	0.0188
2.725	0.72	0.3963	0.0316
2.725	0.78	0.5637	0.0387
2.725	0.82	0.7039	0.0451
2.725	0.88	1.1998	0.0775
2.725	0.93	2.2335	0.3987
2.725	-0.79	0.0023	0.0026
2.725	-0.7	0.0019	0.0017
2.725	-0.6	0.0026	0.0015
2.725	-0.49	0.0015	0.001
2.725	-0.41	0.004	0.0021
2.725	-0.3	0.0047	0.0015
2.725	-0.19	0.0031	0.0011
2.725	-0.1	0.0023	0.0008
2.725	0	0.0042	0.001
2.725	0.1	0.0067	0.0014
2.725	0.2	0.0126	0.002
2.725	0.3	0.0268	0.0029
2.735	0.37	0.0404	0.0056
2.735	0.42	0.0426	0.0057
2.735	0.47	0.0595	0.0074
2.735	0.53	0.0834	0.0096
2.735	0.57	0.1172	0.0115
2.735	0.62	0.1662	0.0151
2.735	0.67	0.2073	0.0196
2.735	0.72	0.3196	0.0267
2.735	0.78	0.4512	0.0327
2.735	0.82	0.7168	0.0494
2.735	0.88	0.8503	0.0636
2.735	0.93	1.5362	0.1711
2.735	-0.79	0.0106	0.0062
2.735	-0.7	0.0051	0.0024
2.735	-0.6	0.0043	0.0024
2.735	-0.5	0.0038	0.0019
2.735	-0.41	0.0011	0.0009
2.735	-0.3	0.0036	0.0014
2.735	-0.2	0.0026	0.0011
2.735	-0.1	0.0037	0.0014
2.735	0	0.003	0.0011
2.735	0.1	0.0043	0.0012
2.735	0.2	0.0133	0.0022
2.735	0.3	0.023	0.0027
2.745	0.37	0.0293	0.0046
2.745	0.42	0.0317	0.0045
2.745	0.47	0.0401	0.0062
2.745	0.53	0.0775	0.0088
2.745	0.57	0.0897	0.0089
2.745	0.62	0.1334	0.0126
2.745	0.67	0.1776	0.0166
2.745	0.72	0.2603	0.0221
2.745	0.78	0.3906	0.0295
2.745	0.82	0.5345	0.0372
2.745	0.88	0.7466	0.0515
2.745	0.93	1.8415	0.2714
2.745	-0.81	0.0212	0.0109
2.745	-0.69	0.0066	0.0038
2.745	-0.6	0.0067	0.0022
2.745	-0.5	0.0045	0.0017
2.745	-0.4	0.0027	0.0014
2.745	-0.32	0.0043	0.002
2.745	-0.2	0.0014	0.0007
2.745	-0.1	0.002	0.0008
2.745	0	0.0026	0.0009
2.745	0.1	0.0041	0.0011
2.745	0.2	0.0087	0.0016
2.745	0.3	0.0163	0.0022
2.755	0.37	0.0328	0.0046
2.755	0.42	0.0401	0.0053
2.755	0.47	0.0565	0.007
2.755	0.53	0.0648	0.0079
2.755	0.57	0.0969	0.0101
2.755	0.62	0.1733	0.0151
2.755	0.67	0.2248	0.0207
2.755	0.72	0.3681	0.0286
2.755	0.78	0.4985	0.0342
2.755	0.82	0.7111	0.0461
2.755	0.88	1.0573	0.0677
2.755	0.93	1.3066	0.122
2.755	-0.79	0.0067	0.0038
2.755	-0.7	0.0033	0.0018
2.755	-0.61	0.004	0.0021
2.755	-0.5	0.0029	0.0012
2.755	-0.4	0.0026	0.0011
2.755	-0.3	0.0033	0.0012
2.755	-0.2	0.0028	0.0009
2.755	-0.1	0.0024	0.0008
2.755	0.01	0.0025	0.0008
2.755	0.1	0.007	0.0014
2.755	0.2	0.0119	0.0018
2.755	0.3	0.0232	0.0026
2.765	0.37	0.0349	0.0047
2.765	0.42	0.0475	0.0056
2.765	0.47	0.0564	0.0069
2.765	0.53	0.0895	0.0096
2.765	0.57	0.1108	0.0109
2.765	0.62	0.1703	0.0143
2.765	0.67	0.2195	0.0187
2.765	0.72	0.3604	0.0271
2.765	0.78	0.5571	0.0374
2.765	0.82	0.7987	0.0509
2.765	0.88	1.3437	0.0923
2.765	0.93	1.9001	0.1833
2.765	-0.8	0.014	0.0073
2.765	-0.7	0.008	0.0028
2.765	-0.6	0.0045	0.0021
2.765	-0.5	0.0033	0.0012
2.765	-0.41	0.0051	0.0017
2.765	-0.3	0.0024	0.001
2.765	-0.2	0.0019	0.0009
2.765	-0.1	0.002	0.0007
2.765	0	0.0033	0.0008
2.765	0.1	0.0026	0.0008
2.765	0.2	0.0101	0.0017
2.765	0.3	0.0213	0.0025
2.775	0.37	0.0232	0.004
2.775	0.42	0.0467	0.0057
2.775	0.47	0.0529	0.0066
2.775	0.53	0.0677	0.0079
2.775	0.57	0.1226	0.0111
2.775	0.62	0.1574	0.0136
2.775	0.67	0.2029	0.0181
2.775	0.72	0.3209	0.0293
2.775	0.78	0.48	0.0329
2.775	0.82	0.6817	0.0451
2.775	0.88	1.0745	0.0768
2.775	0.93	1.2161	0.1171
2.775	-0.79	0.0076	0.0033
2.775	-0.7	0.0061	0.0024
2.775	-0.6	0.0027	0.0013
2.775	-0.49	0.0029	0.0013
2.775	-0.4	0.0029	0.0012
2.775	-0.3	0.0029	0.001
2.775	-0.2	0.0016	0.0007
2.775	-0.1	0.0017	0.0006
2.775	0	0.003	0.0008
2.775	0.1	0.0043	0.001
2.775	0.2	0.0077	0.0014
2.775	0.3	0.0171	0.0023
2.785	0.37	0.0298	0.0045
2.785	0.42	0.0301	0.0044
2.785	0.47	0.0511	0.0066
2.785	0.53	0.0662	0.0079
2.785	0.57	0.117	0.011
2.785	0.62	0.1552	0.0136
2.785	0.67	0.1981	0.0177
2.785	0.72	0.3491	0.0259
2.785	0.78	0.4771	0.0327
2.785	0.82	0.7434	0.0477
2.785	0.88	1.0661	0.0715
2.785	0.93	2.1728	0.2688
2.785	-0.8	0.0048	0.0031
2.785	-0.7	0.0047	0.0019
2.785	-0.59	0.0027	0.0017
2.785	-0.51	0.0044	0.0021
2.785	-0.41	0.0029	0.0014
2.785	-0.3	0.0028	0.0011
2.785	-0.2	0.003	0.001
2.785	-0.1	0.0017	0.0007
2.785	0	0.0023	0.0008
2.785	0.1	0.0044	0.001
2.785	0.2	0.0079	0.0015
2.785	0.3	0.018	0.0023
2.795	0.37	0.0294	0.0045
2.795	0.42	0.0418	0.0055
2.795	0.47	0.0541	0.0069
2.795	0.53	0.0649	0.0083
2.795	0.57	0.108	0.0107
2.795	0.62	0.1452	0.0133
2.795	0.67	0.2344	0.0203
2.795	0.72	0.3075	0.0258
2.795	0.78	0.485	0.0357
2.795	0.82	0.7881	0.0556
2.795	0.88	1.0057	0.0706
2.795	0.93	1.4093	0.1283
2.795	-0.78	0.0027	0.0028
2.795	-0.7	0.0062	0.0026
2.795	-0.6	0.0038	0.0017
2.795	-0.53	0.0056	0.0025
2.795	-0.41	0.0031	0.0017
2.795	-0.3	0.0033	0.0014
2.795	-0.2	0.0014	0.0008
2.795	-0.1	0.0012	0.0006
2.795	0	0.0018	0.0007
2.795	0.1	0.0036	0.001
2.795	0.2	0.0103	0.0017
2.795	0.3	0.0171	0.0022
2.805	0.37	0.0279	0.0042
2.805	0.42	0.0375	0.005
2.805	0.47	0.0558	0.0068
2.805	0.53	0.0717	0.008
2.805	0.57	0.1069	0.0104
2.805	0.62	0.1406	0.013
2.805	0.67	0.2175	0.0188
2.805	0.72	0.3768	0.0281
2.805	0.78	0.5029	0.0338
2.805	0.82	0.7967	0.0505
2.805	0.88	1.0481	0.0712
2.805	0.93	1.6002	0.148
2.805	-0.79	0.0034	0.0028
2.805	-0.7	0.0023	0.0014
2.805	-0.6	0.0023	0.0015
2.805	-0.52	0.0031	0.0016
2.805	-0.4	0.0014	0.001
2.805	-0.29	0.0016	0.0009
2.805	-0.2	0.0018	0.0008
2.805	-0.1	0.0025	0.0007
2.805	0	0.0022	0.0008
2.805	0.1	0.003	0.0008
2.805	0.2	0.01	0.0016
2.805	0.3	0.0202	0.0024
2.815	0.37	0.0219	0.0037
2.815	0.42	0.0389	0.005
2.815	0.47	0.0417	0.0057
2.815	0.53	0.0701	0.0081
2.815	0.57	0.111	0.0107
2.815	0.62	0.153	0.0133
2.815	0.67	0.2435	0.0199
2.815	0.72	0.3044	0.0243
2.815	0.78	0.4717	0.0332
2.815	0.82	0.7581	0.0498
2.815	0.88	1.1531	0.0823
2.815	0.93	1.8468	0.2208
2.815	-0.8	0.0007	0.0014
2.815	-0.7	0.0031	0.0022
2.815	-0.6	0.0014	0.0011
2.815	-0.5	0.0023	0.0015
2.815	-0.41	0.0009	0.0012
2.815	-0.3	0.0014	0.001
2.815	-0.21	0.0028	0.001
2.815	-0.11	0.0009	0.0006
2.815	0	0.0021	0.0008
2.815	0.1	0.0046	0.0011
2.815	0.2	0.008	0.0015
2.815	0.3	0.0142	0.002
2.825	0.37	0.0278	0.0041
2.825	0.42	0.0344	0.0046
2.825	0.47	0.0484	0.0061
2.825	0.53	0.0754	0.0087
2.825	0.57	0.0905	0.0089
2.825	0.62	0.1572	0.014
2.825	0.67	0.2246	0.019
2.825	0.72	0.3372	0.026
2.825	0.78	0.4821	0.033
2.825	0.82	0.7258	0.0472
2.825	0.88	1.1977	0.0765
2.825	0.93	1.8686	0.2447
2.825	-0.79	0.0063	0.0054
2.825	-0.7	0.0029	0.0015
2.825	-0.6	0.0018	0.0011
2.825	-0.51	0.0025	0.0012
2.825	-0.39	0.003	0.0013
2.825	-0.29	0.003	0.0012
2.825	-0.2	0.0013	0.0007
2.825	-0.1	0.001	0.0005
2.825	0	0.0015	0.0006
2.825	0.1	0.0036	0.0009
2.825	0.2	0.009	0.0015
2.825	0.3	0.0129	0.0018
2.835	0.37	0.0191	0.0035
2.835	0.42	0.0275	0.0043
2.835	0.47	0.0389	0.0057
2.835	0.53	0.0616	0.0075
2.835	0.57	0.1001	0.0099
2.835	0.62	0.1423	0.0129
2.835	0.67	0.1773	0.0163
2.835	0.72	0.2809	0.0228
2.835	0.78	0.403	0.0287
2.835	0.82	0.7288	0.0548
2.835	0.88	0.9438	0.071
2.835	0.93	1.2238	0.1356
2.835	-0.78	0.0062	0.0041
2.835	-0.71	0.0091	0.0033
2.835	-0.61	0.0024	0.0017
2.835	-0.48	0.0017	0.0012
2.835	-0.4	0.0014	0.0009
2.835	-0.29	0.0025	0.0014
2.835	-0.2	0.0016	0.0009
2.835	-0.11	0.0008	0.0005
2.835	0	0.0017	0.0007
2.835	0.1	0.0042	0.001
2.835	0.2	0.0065	0.0013
2.835	0.3	0.0132	0.002
