systematic error 4.0%
Path: /HepData/2596/d1-x1-y1
Location: T 3
P IN GEV : 3.0 TO 3.5 : 3.5 TO 4.0 : 4.0 TO 4.5 : 4.5 TO 5.1 : 5.1 TO 5.6 : 5.6 TO 6.2 : 6.2 TO 6.7
RE : GAMMA P --> PHI P
SQRT(S) : 2.551 - 3.667 GeV
x : -T IN GEV**2
y : D(SIG)/DT IN MUB/GEV**2
xdesc	x	xlow	xhigh	y	dy+	dy-	y	dy+	dy-	y	dy+	dy-	y	dy+	dy-	y	dy+	dy-	y	dy+	dy-	y	dy+	dy-	
	0.01	0.01	0.01	0	0	0	0	0	0	0	0	0	0	0	0	0	0	0	0	0	0	2.63	+0.21	-0.21
	0.03	0.03	0.03	0 0 0	1.51	+0.23	-0.23	1.44	+0.17	-0.17	1.76	+0.12	-0.12	1.86	+0.14	-0.14	2.06	+0.16	-0.16	2.2	+0.18	-0.18
	0.05	0.05	0.05	1.19	+0.13	-0.13	1.36	+0.71	-0.71	1.42	+0.21	-0.21	1.69	+0.14	-0.14	1.75	+0.16	-0.16	1.65	+0.16	-0.16	1.96	+0.19	-0.19
	0.07	0.07	0.07	1.65	+0.2	-0.2	1.23	+0.19	-0.19	1.18	+0.21	-0.21	1.45	+0.14	-0.14	1.6	+0.16	-0.16	1.49	+0.15	-0.15	1.51	+0.16	-0.16
	0.09	0.09	0.09	0.74	+0.14	-0.14	1.19	+0.19	-0.19	1.27	+0.2	-0.2	1.21	+0.14	-0.14	1.47	+0.16	-0.16	1.87	+0.17	-0.17	1.09	+0.14	-0.14
	0.11	0.11	0.11	1.06	+0.18	-0.18	0.9	+0.16	-0.16	0.98	+0.17	-0.17	1.13	+0.14	-0.14	1.21	+0.15	-0.15	1.52	+0.16	-0.16	1.23	+0.16	-0.16
	0.13	0.13	0.13	0.85	+0.18	-0.18	0.85	+0.16	-0.16	0.98	+0.17	-0.17	1.14	+0.14	-0.14	1.24	+0.16	-0.16	1.09	+0.14	-0.14	1.16	+0.16	-0.16
	0.15	0.15	0.15	0.79	+0.18	-0.18	0.73	+0.16	-0.16	0.77	+0.15	-0.15	0.87	+0.14	-0.14	1.17	+0.17	-0.17	0.93	+0.14	-0.14	1.03	+0.15	-0.15
	0.17	0.17	0.17	0.41	+0.15	-0.15	0.65	+0.16	-0.16	0.84	+0.16	-0.16	0.62	+0.13	-0.13	0.87	+0.15	-0.15	0.91	+0.15	-0.15	0.9	+0.15	-0.15
	0.19	0.19	0.19	0.9	+0.28	-0.28	0.97	+0.22	-0.22	0.55	+0.14	-0.14	0.85	+0.15	-0.15	0.78	+0.17	-0.17	0.97	+0.16	-0.16	1.07	+0.17	-0.17
	0.21	0.21	0.21	0.17	+0.12	-0.12	0.82	+0.23	-0.23	0.72	+0.17	-0.17	0.48	+0.14	-0.14	0.73	+0.19	-0.19	0.83	+0.16	-0.16	1.0	+0.17	-0.17
	0.23	0.23	0.23	0.85	+0.4	-0.4	0.48	+0.17	-0.17	0.52	+0.16	-0.16	0.59	+0.17	-0.17	0.45	+0.16	-0.16	0.53	+0.14	-0.14	0.81	+0.16	-0.16
	0.25	0.25	0.25	0.2	+0.2	-0.2	0.45	+0.2	-0.2	0.38	+0.14	-0.14	0.21	+0.11	-0.11	0.24	+0.14	-0.14	0.4	+0.14	-0.14	0.65	+0.16	-0.16
	0.27	0.27	0.27	0 0 0	0.44	+0.32	-0.32	0.44	+0.16	-0.16	0.36	+0.16	-0.16	0.17	+0.18	-0.18	0.66	+0.2	-0.2	0.27	+0.1	-0.1
	0.29	0.29	0.29	0 0 0	0 0 0	0.33	+0.2	-0.2	0.49	+0.21	-0.21	0.26	+0.26	-0.26	0.69	+0.23	-0.23	0.49	+0.16	-0.16
	0.31	0.31	0.31	0 0 0	0 0 0	0.19	+0.12	-0.12	0.42	+0.19	-0.19	0 0 0	0.26	+0.15	-0.15	0.62	+0.18	-0.18
	0.33	0.33	0.33	0 0 0	0 0 0	0.18	+0.13	-0.13	0.26	+0.15	-0.15	0 0 0	0.33	+0.24	-0.24	0.4	+0.17	-0.17
	0.35	0.35	0.35	0 0 0	0 0 0	0 0 0	0.45	+0.23	-0.23	0 0 0	0.57	+0.41	-0.41	0.8	+0.26	-0.26
	0.37	0.37	0.37	0 0 0	0 0 0	0 0 0	0.48	+0.24	-0.24	0 0 0	0 0 0	0.41	+0.24	-0.24
	0.39	0.39	0.39	0 0 0	0 0 0	0 0 0	0.13	+0.13	-0.13	0 0 0	0 0 0	0.23	+0.23	-0.23
