Path: /HepData/4196/d1-x1-y1
DIFFERENTIAL CROSS SECTIONS AVERAGED OVER TWO RANGES OF INCIDENT PHOTON ENERGY
Location: F 2A
P IN GEV : 2.8 TO 3.8 : 3.8 TO 4.8
RE : GAMMA P --> PHI P
SQRT(S) : 2.476 - 3.144 GeV
x : -T IN GEV**2
y : D(SIG)/DT IN MUB/GEV**2
xdesc	x	xlow	xhigh	y	dy+	dy-	y	dy+	dy-	
	0.025 0.0 0.05  1.78	+0.264	-0.264	1.723	+0.287	-0.287
	0.075	0.05	0.1	1.406	+0.198	-0.198	1.257	+0.159	-0.159
	0.125	0.1	0.15	1.046	+0.139	-0.139	0.845	+0.119	-0.119
	0.175	0.15	0.2	0.942	+0.12	-0.12	0.747	+0.095	-0.095
	0.225	0.2	0.25	0.669	+0.103	-0.103	0.574	+0.096	-0.096
	0.275	0.25	0.3	0.393	+0.102	-0.102	0.391	+0.078	-0.078
	0.325	0.3	0.35	0.552	+0.097	-0.097	0.324	+0.068	-0.068
	0.375	0.35	0.4	0.68	+0.103	-0.103	0.41	+0.072	-0.072
	0.425	0.4	0.45	0.494	+0.104	-0.104	0.381	+0.08	-0.08
	0.475	0.45	0.5	0.36	+0.101	-0.101	0.233	+0.061	-0.061
	0.55	0.5	0.6	0.443	+0.079	-0.079	0.184	+0.035	-0.035
	0.65	0.6	0.7	0.174	+0.09	-0.09	0.196	+0.049	-0.049
	0.75	0.7	0.8	0.019	+0.08	-0.08	0.156	+0.038	-0.038
	0.85	0.8	0.9	0.01	+0.081	-0.081	0.062	+0.034	-0.034
	0.95	0.9	1.0	0.165	+0.066	-0.066	0.101	+0.033	-0.033
	1.05	1.0	1.1	0.105	+0.062	-0.062	0.101	+0.039	-0.039
	1.15	1.1	1.2	0.024	+0.057	-0.057	0.054	+0.033	-0.033
	1.25	1.2	1.3	0.059	+0.054	-0.054	0.052	+0.028	-0.028
	1.35	1.3	1.4	0.039	+0.049	-0.049	0.013	+0.034	-0.034
	1.45	1.4	1.5	-0.024	+0.054	-0.054	0.05	+0.03	-0.03
  
